#     thickness (A)        interface (A)       rho (1e-6/A^2)      irho (1e-6/A^2)      rhoM (1e-6/A^2)      theta (degrees)
                   0    0.551936253050368     3.53290777610646 0.000343757537218438                    0     224.828408124394
    38.2204587428548    0.521452961953684      3.6586168238863 0.000828371787476453    0.907974342271499     224.828408124394
   0.299999999999997                    0      6.5412107542823 0.000680992951444294    0.371999022883596    0.526561767236895
   0.299999999999997                    0      6.5412107542823 0.000680992951444294    0.372122985525788     9.24545809279614
   0.299999999999997                    0      6.5412107542823 0.000680992951444294     0.37224694816798     17.9643544183554
   0.299999999999997                    0      6.5412107542823 0.000680992951444294    0.372370910810172     26.6832507439146
   0.299999999999997                    0      6.5412107542823 0.000680992951444294    0.372494873452364     35.4021470694739
   0.299999999999997                    0      6.5412107542823 0.000680992951444294    0.372618836094556     44.1210433950331
   0.299999999999997                    0      6.5412107542823 0.000680992951444294    0.372742798736748     52.8399397205923
   0.299999999999997                    0      6.5412107542823 0.000680992951444294     0.37286676137894     61.5588360461516
   0.299999999999997                    0      6.5412107542823 0.000680992951444294    0.372990724021132     70.2777323717108
   0.299999999999997                    0      6.5412107542823 0.000680992951444294    0.373114686663324     78.9966286972701
   0.299999999999997                    0      6.5412107542823 0.000680992951444294    0.373238649305516     87.7155250228293
   0.299999999999997                    0      6.5412107542823 0.000680992951444294    0.373362611947708     96.4344213483886
   0.299999999999997                    0      6.5412107542823 0.000680992951444294      0.3734865745899     105.153317673948
   0.299999999999997                    0      6.5412107542823 0.000680992951444294    0.373610537232092     113.872213999507
   0.299999999999997                    0      6.5412107542823 0.000680992951444294    0.373734499874284     122.591110325066
   0.299999999999997                    0      6.5412107542823 0.000680992951444294    0.373858462516476     131.310006650626
   0.299999999999997                    0      6.5412107542823 0.000680992951444294    0.373982425158668     140.028902976185
   0.299999999999997                    0      6.5412107542823 0.000680992951444294     0.37410638780086     148.747799301744
   0.299999999999997                    0      6.5412107542823 0.000680992951444294    0.374230350443052     157.466695627303
   0.299999999999997                    0      6.5412107542823 0.000680992951444294    0.374354313085244     166.185591952862
   0.299999999999997                    0      6.5412107542823 0.000680992951444294    0.374478275727436     174.904488278422
   0.299999999999997                    0      6.5412107542823 0.000680992951444294    0.374602238369628     183.623384603981
   0.299999999999997                    0      6.5412107542823 0.000680992951444294     0.37472620101182      192.34228092954
   0.299999999999997                    0      6.5412107542823 0.000680992951444294    0.374850163654012     201.061177255099
   0.299999999999997                    0      6.5412107542823 0.000680992951444294    0.374974126296204     209.780073580659
   0.299999999999997                    0      6.5412107542823 0.000680992951444294    0.375098088938396     218.498969906218
   0.299999999999997                    0      6.5412107542823 0.000680992951444294    0.375222051580588     227.217866231777
   0.299999999999997                    0      6.5412107542823 0.000680992951444294     0.37534601422278     235.936762557336
   0.299999999999997                    0      6.5412107542823 0.000680992951444294    0.375469976864972     244.655658882896
   0.299999999999997                    0      6.5412107542823 0.000680992951444294    0.375593939507164     253.374555208455
   0.299999999999997                    0      6.5412107542823 0.000680992951444294    0.375717902149356     262.093451534014
   0.299999999999997                    0      6.5412107542823 0.000680992951444294    0.375841864791548     270.812347859573
   0.299999999999997                    0      6.5412107542823 0.000680992951444294     0.37596582743374     279.531244185133
   0.299999999999997                    0      6.5412107542823 0.000680992951444294    0.376089790075932     288.250140510692
   0.299999999999997                    0      6.5412107542823 0.000680992951444294    0.376213752718124     296.969036836251
   0.299999999999997                    0      6.5412107542823 0.000680992951444294    0.376337715360316      305.68793316181
   0.299999999999997                    0      6.5412107542823 0.000680992951444294    0.376461678002508      314.40682948737
   0.299999999999997                    0      6.5412107542823 0.000680992951444294      0.3765856406447     323.125725812929
   0.299999999999997                    0      6.5412107542823 0.000680992951444294    0.376709603286892     331.844622138488
   0.272557435263423     9.99798897608751      6.5412107542823 0.000680992951444294    0.376833565929084     340.563518464047
    33.4061363728955    0.540467386798764      3.6586168238863 0.000828371787476453     1.08998251751139  0.00207706711840025
    0.29999999999994                    0      6.5412107542823 0.000680992951444294    0.383907372793759       20.88711624052
   0.299999999999997                    0      6.5412107542823 0.000680992951444294    0.383568790708725     21.1983946236187
   0.299999999999997                    0      6.5412107542823 0.000680992951444294     0.38323020862369     21.5096730067174
   0.299999999999997                    0      6.5412107542823 0.000680992951444294    0.382891626538656     21.8209513898162
   0.299999999999997                    0      6.5412107542823 0.000680992951444294    0.382553044453621     22.1322297729149
   0.299999999999997                    0      6.5412107542823 0.000680992951444294    0.382214462368587     22.4435081560136
   0.299999999999997                    0      6.5412107542823 0.000680992951444294    0.381875880283553     22.7547865391123
   0.299999999999997                    0      6.5412107542823 0.000680992951444294    0.381537298198518      23.066064922211
   0.299999999999997                    0      6.5412107542823 0.000680992951444294    0.381198716113484     23.3773433053097
   0.299999999999997                    0      6.5412107542823 0.000680992951444294     0.38086013402845     23.6886216884085
   0.299999999999997                    0      6.5412107542823 0.000680992951444294    0.380521551943415     23.9999000715072
   0.299999999999997                    0      6.5412107542823 0.000680992951444294    0.380182969858381     24.3111784546059
   0.299999999999997                    0      6.5412107542823 0.000680992951444294    0.379844387773346     24.6224568377046
   0.299999999999997                    0      6.5412107542823 0.000680992951444294    0.379505805688312     24.9337352208033
   0.299999999999997                    0      6.5412107542823 0.000680992951444294    0.379167223603278      25.245013603902
   0.299999999999997                    0      6.5412107542823 0.000680992951444294    0.378828641518243     25.5562919870008
   0.299999999999997                    0      6.5412107542823 0.000680992951444294    0.378490059433209     25.8675703700995
   0.299999999999997                    0      6.5412107542823 0.000680992951444294    0.378151477348175     26.1788487531982
   0.299999999999997                    0      6.5412107542823 0.000680992951444294     0.37781289526314     26.4901271362969
   0.299999999999997                    0      6.5412107542823 0.000680992951444294    0.377474313178106     26.8014055193956
   0.299999999999997                    0      6.5412107542823 0.000680992951444294    0.377135731093071     27.1126839024943
   0.299999999999997                    0      6.5412107542823 0.000680992951444294    0.376797149008037     27.4239622855931
   0.299999999999997                    0      6.5412107542823 0.000680992951444294    0.376458566923003     27.7352406686918
   0.299999999999997                    0      6.5412107542823 0.000680992951444294    0.376119984837968     28.0465190517905
   0.299999999999997                    0      6.5412107542823 0.000680992951444294    0.375781402752934     28.3577974348892
   0.299999999999997                    0      6.5412107542823 0.000680992951444294      0.3754428206679     28.6690758179879
   0.299999999999997                    0      6.5412107542823 0.000680992951444294    0.375104238582865     28.9803542010866
   0.299999999999997                    0      6.5412107542823 0.000680992951444294    0.374765656497831     29.2916325841854
   0.299999999999997                    0      6.5412107542823 0.000680992951444294    0.374427074412796     29.6029109672841
   0.299999999999997                    0      6.5412107542823 0.000680992951444294    0.374088492327762     29.9141893503828
   0.299999999999997                    0      6.5412107542823 0.000680992951444294    0.373749910242728     30.2254677334815
   0.299999999999997                    0      6.5412107542823 0.000680992951444294    0.373411328157693     30.5367461165802
   0.299999999999997                    0      6.5412107542823 0.000680992951444294    0.373072746072659     30.8480244996789
   0.299999999999997                    0      6.5412107542823 0.000680992951444294    0.372734163987625     31.1593028827776
   0.299999999999997                    0      6.5412107542823 0.000680992951444294     0.37239558190259     31.4705812658764
   0.299999999999997                    0      6.5412107542823 0.000680992951444294    0.372056999817556     31.7818596489751
   0.299999999999997                    0      6.5412107542823 0.000680992951444294    0.371718417732521     32.0931380320738
   0.299999999999997                    0      6.5412107542823 0.000680992951444294    0.371379835647487     32.4044164151725
   0.299999999999997                    0      6.5412107542823 0.000680992951444294    0.371041253562453     32.7156947982712
   0.299999999999997                    0      6.5412107542823 0.000680992951444294    0.370702671477418     33.0269731813699
   0.299999999999997                    0      6.5412107542823 0.000680992951444294    0.370364089392384     33.3382515644687
   0.299999999999997                    0      6.5412107542823 0.000680992951444294     0.37002550730735     33.6495299475674
   0.299999999999997                    0      6.5412107542823 0.000680992951444294    0.369686925222315     33.9608083306661
   0.299999999999997                    0      6.5412107542823 0.000680992951444294    0.369348343137281     34.2720867137648
   0.299999999999997                    0      6.5412107542823 0.000680992951444294    0.369009761052246     34.5833650968635
   0.299999999999997                    0      6.5412107542823 0.000680992951444294    0.368671178967212     34.8946434799622
   0.299999999999997                    0      6.5412107542823 0.000680992951444294    0.368332596882178      35.205921863061
   0.299999999999997                    0      6.5412107542823 0.000680992951444294    0.367994014797143     35.5172002461597
   0.299999999999997                    0      6.5412107542823 0.000680992951444294    0.367655432712109     35.8284786292584
   0.299999999999997                    0      6.5412107542823 0.000680992951444294    0.367316850627075     36.1397570123571
   0.178956955901683    0.519299061709026      6.5412107542823 0.000680992951444294     0.36697826854204     36.4510353954558
     26.659119068816    0.524682660964712      3.6586168238863 0.000828371787476453     1.05288859893891     196.612124191174
   0.299999999999869                    0      6.5412107542823 0.000680992951444294    0.245951617581152     358.896042370137
   0.299999999999997                    0      6.5412107542823 0.000680992951444294    0.245873992110183     358.897325332913
   0.299999999999997                    0      6.5412107542823 0.000680992951444294    0.245796366639214      358.89860829569
   0.299999999999997                    0      6.5412107542823 0.000680992951444294    0.245718741168245     358.899891258466
   0.299999999999997                    0      6.5412107542823 0.000680992951444294    0.245641115697275     358.901174221243
   0.299999999999997                    0      6.5412107542823 0.000680992951444294    0.245563490226306     358.902457184019
   0.299999999999997                    0      6.5412107542823 0.000680992951444294    0.245485864755337     358.903740146795
   0.299999999999997                    0      6.5412107542823 0.000680992951444294    0.245408239284368     358.905023109572
   0.300000000000011                    0      6.5412107542823 0.000680992951444294    0.245330613813399     358.906306072348
   0.300000000000011                    0      6.5412107542823 0.000680992951444294    0.245252988342429     358.907589035125
   0.300000000000011                    0      6.5412107542823 0.000680992951444294     0.24517536287146     358.908871997901
   0.300000000000011                    0      6.5412107542823 0.000680992951444294    0.245097737400491     358.910154960678
   0.300000000000011                    0      6.5412107542823 0.000680992951444294    0.245020111929522     358.911437923454
   0.300000000000011                    0      6.5412107542823 0.000680992951444294    0.244942486458552      358.91272088623
   0.300000000000011                    0      6.5412107542823 0.000680992951444294    0.244864860987583     358.914003849007
   0.300000000000011                    0      6.5412107542823 0.000680992951444294    0.244787235516614     358.915286811783
   0.300000000000011                    0      6.5412107542823 0.000680992951444294    0.244709610045645      358.91656977456
   0.300000000000011                    0      6.5412107542823 0.000680992951444294    0.244631984574675     358.917852737336
   0.300000000000011                    0      6.5412107542823 0.000680992951444294    0.244554359103706     358.919135700113
   0.300000000000011                    0      6.5412107542823 0.000680992951444294    0.244476733632737     358.920418662889
   0.300000000000011                    0      6.5412107542823 0.000680992951444294    0.244399108161768     358.921701625665
   0.300000000000011                    0      6.5412107542823 0.000680992951444294    0.244321482690798     358.922984588442
   0.300000000000011                    0      6.5412107542823 0.000680992951444294    0.244243857219829     358.924267551218
   0.300000000000011                    0      6.5412107542823 0.000680992951444294     0.24416623174886     358.925550513995
   0.300000000000011                    0      6.5412107542823 0.000680992951444294    0.244088606277891     358.926833476771
   0.300000000000011                    0      6.5412107542823 0.000680992951444294    0.244010980806921     358.928116439548
   0.300000000000011                    0      6.5412107542823 0.000680992951444294    0.243933355335952     358.929399402324
   0.300000000000011                    0      6.5412107542823 0.000680992951444294    0.243855729864983       358.9306823651
   0.300000000000011                    0      6.5412107542823 0.000680992951444294    0.243778104394014     358.931965327877
   0.300000000000011                    0      6.5412107542823 0.000680992951444294    0.243700478923045     358.933248290653
   0.300000000000011                    0      6.5412107542823 0.000680992951444294    0.243622853452075      358.93453125343
   0.300000000000011                    0      6.5412107542823 0.000680992951444294    0.243545227981106     358.935814216206
   0.300000000000011                    0      6.5412107542823 0.000680992951444294    0.243467602510137     358.937097178983
   0.300000000000011                    0      6.5412107542823 0.000680992951444294    0.243389977039168     358.938380141759
   0.300000000000011                    0      6.5412107542823 0.000680992951444294    0.243312351568198     358.939663104535
   0.300000000000011                    0      6.5412107542823 0.000680992951444294    0.243234726097229     358.940946067312
   0.300000000000011                    0      6.5412107542823 0.000680992951444294     0.24315710062626     358.942229030088
   0.300000000000011                    0      6.5412107542823 0.000680992951444294    0.243079475155291     358.943511992865
   0.300000000000011                    0      6.5412107542823 0.000680992951444294    0.243001849684321     358.944794955641
   0.300000000000011                    0      6.5412107542823 0.000680992951444294    0.242924224213352     358.946077918418
   0.300000000000011                    0      6.5412107542823 0.000680992951444294    0.242846598742383     358.947360881194
   0.300000000000011                    0      6.5412107542823 0.000680992951444294    0.242768973271414      358.94864384397
   0.300000000000011                    0      6.5412107542823 0.000680992951444294    0.242691347800444     358.949926806747
   0.300000000000011                    0      6.5412107542823 0.000680992951444294    0.242613722329475     358.951209769523
   0.300000000000011                    0      6.5412107542823 0.000680992951444294    0.242536096858506       358.9524927323
   0.300000000000011                    0      6.5412107542823 0.000680992951444294    0.242458471387537     358.953775695076
   0.300000000000011                    0      6.5412107542823 0.000680992951444294    0.242380845916568     358.955058657853
   0.300000000000011                    0      6.5412107542823 0.000680992951444294    0.242303220445598     358.956341620629
   0.300000000000011                    0      6.5412107542823 0.000680992951444294    0.242225594974629     358.957624583405
   0.300000000000011                    0      6.5412107542823 0.000680992951444294     0.24214796950366     358.958907546182
   0.300000000000011                    0      6.5412107542823 0.000680992951444294    0.242070344032691     358.960190508958
   0.300000000000011                    0      6.5412107542823 0.000680992951444294    0.241992718561721     358.961473471735
6.06334831161348e-05     7.38462240630897      6.5412107542823 0.000680992951444294    0.241915093090752     358.962756434511
    39.0660337824843     9.99822616357525      3.6586168238863 0.000828371787476453     1.04988337152475     357.558566741129
   0.300000000000125                    0      6.5412107542823 0.000680992951444294    0.250557286231666     358.634774378738
   0.300000000000011                    0      6.5412107542823 0.000680992951444294    0.251089695119035     346.299723218353
   0.300000000000011                    0      6.5412107542823 0.000680992951444294    0.251622104006405     333.964672057968
   0.300000000000011                    0      6.5412107542823 0.000680992951444294    0.252154512893774     321.629620897583
   0.300000000000011                    0      6.5412107542823 0.000680992951444294    0.252686921781143     309.294569737198
   0.300000000000011                    0      6.5412107542823 0.000680992951444294    0.253219330668513     296.959518576813
   0.300000000000011                    0      6.5412107542823 0.000680992951444294    0.253751739555882     284.624467416428
   0.300000000000011                    0      6.5412107542823 0.000680992951444294    0.254284148443251     272.289416256043
   0.300000000000011                    0      6.5412107542823 0.000680992951444294    0.254816557330621     259.954365095658
   0.300000000000011                    0      6.5412107542823 0.000680992951444294     0.25534896621799     247.619313935273
   0.300000000000011                    0      6.5412107542823 0.000680992951444294    0.255881375105359     235.284262774888
   0.300000000000011                    0      6.5412107542823 0.000680992951444294    0.256413783992729     222.949211614503
   0.300000000000011                    0      6.5412107542823 0.000680992951444294    0.256946192880098     210.614160454119
   0.300000000000011                    0      6.5412107542823 0.000680992951444294    0.257478601767467     198.279109293734
   0.300000000000011                    0      6.5412107542823 0.000680992951444294    0.258011010654837     185.944058133349
   0.300000000000011                    0      6.5412107542823 0.000680992951444294    0.258543419542206     173.609006972964
   0.300000000000011                    0      6.5412107542823 0.000680992951444294    0.259075828429575     161.273955812579
   0.300000000000011                    0      6.5412107542823 0.000680992951444294    0.259608237316945     148.938904652194
   0.300000000000011                    0      6.5412107542823 0.000680992951444294    0.260140646204314     136.603853491809
   0.300000000000011                    0      6.5412107542823 0.000680992951444294    0.260673055091683     124.268802331424
   0.300000000000011                    0      6.5412107542823 0.000680992951444294    0.261205463979053     111.933751171039
   0.300000000000011                    0      6.5412107542823 0.000680992951444294    0.261737872866422     99.5987000106542
   0.300000000000011                    0      6.5412107542823 0.000680992951444294    0.262270281753791     87.2636488502692
   0.300000000000011                    0      6.5412107542823 0.000680992951444294    0.262802690641161     74.9285976898843
   0.300000000000011                    0      6.5412107542823 0.000680992951444294     0.26333509952853     62.5935465294994
   0.300000000000011                    0      6.5412107542823 0.000680992951444294    0.263867508415899     50.2584953691145
   0.300000000000011                    0      6.5412107542823 0.000680992951444294    0.264399917303269     37.9234442087296
   0.300000000000011                    0      6.5412107542823 0.000680992951444294    0.264932326190638     25.5883930483446
   0.300000000000011                    0      6.5412107542823 0.000680992951444294    0.265464735078007     13.2533418879597
   0.187089959584824    0.507898272460896      6.5412107542823 0.000680992951444294    0.265997143965377    0.918290727574725
    33.1701530260416     0.50135802980127      3.6586168238863 0.000828371787476453     1.11996146671944     201.591267173505
   0.300000000000296                    0      6.5412107542823 0.000680992951444294    0.255992009700544      358.85705550095
   0.300000000000011                    0      6.5412107542823 0.000680992951444294    0.255420238114068      356.36389548149
   0.300000000000011                    0      6.5412107542823 0.000680992951444294    0.254848466527593      353.87073546203
   0.300000000000011                    0      6.5412107542823 0.000680992951444294    0.254276694941118      351.37757544257
   0.300000000000011                    0      6.5412107542823 0.000680992951444294    0.253704923354642      348.88441542311
   0.300000000000011                    0      6.5412107542823 0.000680992951444294    0.253133151768167      346.39125540365
   0.300000000000011                    0      6.5412107542823 0.000680992951444294    0.252561380181692      343.89809538419
   0.300000000000011                    0      6.5412107542823 0.000680992951444294    0.251989608595216      341.40493536473
   0.300000000000011                    0      6.5412107542823 0.000680992951444294    0.251417837008741      338.91177534527
   0.300000000000011                    0      6.5412107542823 0.000680992951444294    0.250846065422265      336.41861532581
   0.300000000000011                    0      6.5412107542823 0.000680992951444294     0.25027429383579      333.92545530635
   0.300000000000011                    0      6.5412107542823 0.000680992951444294    0.249702522249315      331.43229528689
   0.300000000000011                    0      6.5412107542823 0.000680992951444294    0.249130750662839      328.93913526743
   0.300000000000011                    0      6.5412107542823 0.000680992951444294    0.248558979076364      326.44597524797
   0.300000000000011                    0      6.5412107542823 0.000680992951444294    0.247987207489889      323.95281522851
   0.300000000000011                    0      6.5412107542823 0.000680992951444294    0.247415435903413      321.45965520905
   0.300000000000011                    0      6.5412107542823 0.000680992951444294    0.246843664316938      318.96649518959
   0.300000000000011                    0      6.5412107542823 0.000680992951444294    0.246271892730462      316.47333517013
   0.300000000000011                    0      6.5412107542823 0.000680992951444294    0.245700121143987      313.98017515067
   0.300000000000011                    0      6.5412107542823 0.000680992951444294    0.245128349557512      311.48701513121
   0.300000000000011                    0      6.5412107542823 0.000680992951444294    0.244556577971036      308.99385511175
   0.247192259747948    0.548678863034882      6.5412107542823 0.000680992951444294    0.243984806384561      306.50069509229
    42.6129362704952    0.544782134582745      3.6586168238863 0.000828371787476453     1.11973770775656       335.4242434655
   0.300000000000409                    0      6.5412107542823 0.000680992951444294     0.26170481536561     6.72664543062444
   0.300000000000011                    0      6.5412107542823 0.000680992951444294    0.260325061557091     9.52556930841565
   0.300000000000011                    0      6.5412107542823 0.000680992951444294    0.258945307748572     12.3244931862069
   0.300000000000011                    0      6.5412107542823 0.000680992951444294    0.257565553940052     15.1234170639981
   0.300000000000011                    0      6.5412107542823 0.000680992951444294    0.256185800131533     17.9223409417893
   0.300000000000011                    0      6.5412107542823 0.000680992951444294    0.254806046323014     20.7212648195805
   0.300000000000011                    0      6.5412107542823 0.000680992951444294    0.253426292514494     23.5201886973717
   0.300000000000011                    0      6.5412107542823 0.000680992951444294    0.252046538705975     26.3191125751629
   0.300000000000011                    0      6.5412107542823 0.000680992951444294    0.250666784897456     29.1180364529541
   0.300000000000011                    0      6.5412107542823 0.000680992951444294    0.249287031088936     31.9169603307453
   0.176155738426814    0.509184084268449      6.5412107542823 0.000680992951444294    0.247907277280417     34.7158842085365
    34.4348406250194    0.519748080996813      3.6586168238863 0.000828371787476453     1.18975345040477     204.025158578289
   0.300000000000466                    0      6.5412107542823 0.000680992951444294    0.247952126543649     193.491040109007
   0.300000000000011                    0      6.5412107542823 0.000680992951444294     0.24878454003917     196.068694929811
   0.300000000000011                    0      6.5412107542823 0.000680992951444294    0.249616953534691     198.646349750615
   0.300000000000011                    0      6.5412107542823 0.000680992951444294    0.250449367030211     201.224004571418
   0.300000000000011                    0      6.5412107542823 0.000680992951444294    0.251281780525732     203.801659392222
   0.300000000000011                    0      6.5412107542823 0.000680992951444294    0.252114194021253     206.379314213025
   0.300000000000011                    0      6.5412107542823 0.000680992951444294    0.252946607516773     208.956969033829
   0.300000000000011                    0      6.5412107542823 0.000680992951444294    0.253779021012294     211.534623854633
   0.300000000000011                    0      6.5412107542823 0.000680992951444294    0.254611434507815     214.112278675436
   0.300000000000011                    0      6.5412107542823 0.000680992951444294    0.255443848003335      216.68993349624
   0.300000000000011                    0      6.5412107542823 0.000680992951444294    0.256276261498856     219.267588317043
   0.300000000000011                    0      6.5412107542823 0.000680992951444294    0.257108674994377     221.845243137847
   0.108022741794855      9.9997894306733      6.5412107542823 0.000680992951444294    0.257941088489897     224.422897958651
    28.7708328010942     6.90284538102912      3.6586168238863 0.000828371787476453     1.09996055518421     204.544313756674
   0.300000000000523                    0      6.5412107542823 0.000680992951444294    0.259945079672036     248.087299601574
   0.300000000000011                    0      6.5412107542823 0.000680992951444294    0.258461060303833     240.242118268657
   0.300000000000011                    0      6.5412107542823 0.000680992951444294    0.256977040935629     232.396936935741
   0.300000000000011                    0      6.5412107542823 0.000680992951444294    0.255493021567425     224.551755602824
   0.300000000000011                    0      6.5412107542823 0.000680992951444294    0.254009002199221     216.706574269907
   0.300000000000011                    0      6.5412107542823 0.000680992951444294    0.252524982831017     208.861392936991
   0.300000000000011                    0      6.5412107542823 0.000680992951444294    0.251040963462813     201.016211604074
   0.300000000000011                    0      6.5412107542823 0.000680992951444294    0.249556944094609     193.171030271157
   0.300000000000011                    0      6.5412107542823 0.000680992951444294    0.248072924726406     185.325848938241
   0.300000000000011                    0      6.5412107542823 0.000680992951444294    0.246588905358202     177.480667605324
   0.300000000000011                    0      6.5412107542823 0.000680992951444294    0.245104885989998     169.635486272407
   0.300000000000011                    0      6.5412107542823 0.000680992951444294    0.243620866621794     161.790304939491
   0.300000000000011                    0      6.5412107542823 0.000680992951444294     0.24213684725359     153.945123606574
   0.300000000000011                    0      6.5412107542823 0.000680992951444294    0.240652827885386     146.099942273658
   0.300000000000011                    0      6.5412107542823 0.000680992951444294    0.239168808517182     138.254760940741
0.000101037264073511     9.99998823750664      6.5412107542823 0.000680992951444294    0.237684789148979     130.409579607824
    25.0035353975071    0.502889103136739      3.6586168238863 0.000828371787476453     1.02993994253492     204.899049862758
   0.300000000000637                    0      6.5412107542823 0.000680992951444294    0.242966734243923    0.654430407400364
   0.300000000000011                    0      6.5412107542823 0.000680992951444294    0.242257448612174    0.761652880151548
   0.300000000000011                    0      6.5412107542823 0.000680992951444294    0.241548162980426    0.868875352902731
   0.300000000000011                    0      6.5412107542823 0.000680992951444294    0.240838877348677    0.976097825653915
   0.300000000000011                    0      6.5412107542823 0.000680992951444294    0.240129591716928      1.0833202984051
   0.300000000000011                    0      6.5412107542823 0.000680992951444294     0.23942030608518     1.19054277115628
   0.300000000000011                    0      6.5412107542823 0.000680992951444294    0.238711020453431     1.29776524390746
   0.300000000000011                    0      6.5412107542823 0.000680992951444294    0.238001734821682     1.40498771665865
   0.300000000000011                    0      6.5412107542823 0.000680992951444294    0.237292449189934     1.51221018940983
   0.300000000000011                    0      6.5412107542823 0.000680992951444294    0.236583163558185     1.61943266216102
   0.300000000000011                    0      6.5412107542823 0.000680992951444294    0.235873877926437      1.7266551349122
   0.300000000000011                    0      6.5412107542823 0.000680992951444294    0.235164592294688     1.83387760766338
   0.300000000000011                    0      6.5412107542823 0.000680992951444294    0.234455306662939     1.94110008041457
   0.300000000000011                    0      6.5412107542823 0.000680992951444294    0.233746021031191     2.04832255316575
   0.300000000000011                    0      6.5412107542823 0.000680992951444294    0.233036735399442     2.15554502591693
   0.300000000000011                    0      6.5412107542823 0.000680992951444294    0.232327449767693     2.26276749866812
   0.300000000000011                    0      6.5412107542823 0.000680992951444294    0.231618164135945      2.3699899714193
   0.299991952213929    0.973975321762893      6.5412107542823 0.000680992951444294    0.230908878504196     2.47721244417048
    43.6065619940531     6.74775462212266      3.6586168238863 0.000828371787476453      1.1399448626315      336.58626569725
    0.30000000000075                    0      6.5412107542823 0.000680992951444294    0.239983934153999   0.0160640827306775
   0.300000000000011                    0      6.5412107542823 0.000680992951444294     0.24028553840774     35.4988557667361
   0.300000000000011                    0      6.5412107542823 0.000680992951444294    0.240587142661481     70.9816474507415
   0.300000000000011                    0      6.5412107542823 0.000680992951444294    0.240888746915222     106.464439134747
   0.300000000000011                    0      6.5412107542823 0.000680992951444294    0.241190351168963     141.947230818752
   0.300000000000011                    0      6.5412107542823 0.000680992951444294    0.241491955422704     177.430022502758
   0.300000000000011                    0      6.5412107542823 0.000680992951444294    0.241793559676444     212.912814186763
   0.300000000000011                    0      6.5412107542823 0.000680992951444294    0.242095163930185     248.395605870769
   0.300000000000011                    0      6.5412107542823 0.000680992951444294    0.242396768183926     283.878397554774
   0.300000000000011                    0      6.5412107542823 0.000680992951444294    0.242698372437667     319.361189238779
   0.198439914715948    0.619507702161468      6.5412107542823 0.000680992951444294    0.242999976691408     354.843980922785
    39.4375722796131     6.68775431637234      3.6586168238863 0.000828371787476453     1.04998151958598     338.377483646696
    0.30000000000075                    0      6.5412107542823 0.000680992951444294    0.251023249771229     358.850179038516
   0.300000000000011                    0      6.5412107542823 0.000680992951444294    0.250490451879752     358.843932752692
   0.300000000000011                    0      6.5412107542823 0.000680992951444294    0.249957653988275     358.837686466868
   0.300000000000011                    0      6.5412107542823 0.000680992951444294    0.249424856096798     358.831440181044
   0.300000000000011                    0      6.5412107542823 0.000680992951444294    0.248892058205321      358.82519389522
   0.300000000000011                    0      6.5412107542823 0.000680992951444294    0.248359260313844     358.818947609395
   0.300000000000011                    0      6.5412107542823 0.000680992951444294    0.247826462422367     358.812701323571
   0.300000000000011                    0      6.5412107542823 0.000680992951444294     0.24729366453089     358.806455037747
   0.300000000000011                    0      6.5412107542823 0.000680992951444294    0.246760866639412     358.800208751923
   0.300000000000011                    0      6.5412107542823 0.000680992951444294    0.246228068747935     358.793962466099
   0.300000000000011                    0      6.5412107542823 0.000680992951444294    0.245695270856458     358.787716180275
   0.300000000000011                    0      6.5412107542823 0.000680992951444294    0.245162472964981     358.781469894451
   0.300000000000011                    0      6.5412107542823 0.000680992951444294    0.244629675073504     358.775223608626
   0.300000000000011                    0      6.5412107542823 0.000680992951444294    0.244096877182027     358.768977322802
   0.300000000000011                    0      6.5412107542823 0.000680992951444294     0.24356407929055     358.762731036978
   0.300000000000011                    0      6.5412107542823 0.000680992951444294    0.243031281399073     358.756484751154
   0.300000000000011                    0      6.5412107542823 0.000680992951444294    0.242498483507596      358.75023846533
   0.300000000000011                    0      6.5412107542823 0.000680992951444294    0.241965685616119     358.743992179506
   0.300000000000011                    0      6.5412107542823 0.000680992951444294    0.241432887724642     358.737745893682
   0.300000000000011                    0      6.5412107542823 0.000680992951444294    0.240900089833165     358.731499607857
   0.300000000000011                    0      6.5412107542823 0.000680992951444294    0.240367291941687     358.725253322033
   0.300000000000011                    0      6.5412107542823 0.000680992951444294     0.23983449405021     358.719007036209
   0.300000000000011                    0      6.5412107542823 0.000680992951444294    0.239301696158733     358.712760750385
   0.300000000000011                    0      6.5412107542823 0.000680992951444294    0.238768898267256     358.706514464561
   0.300000000000011                    0      6.5412107542823 0.000680992951444294    0.238236100375779     358.700268178737
   0.300000000000011                    0      6.5412107542823 0.000680992951444294    0.237703302484302     358.694021892913
   0.300000000000011                    0      6.5412107542823 0.000680992951444294    0.237170504592825     358.687775607088
   0.300000000000011                    0      6.5412107542823 0.000680992951444294    0.236637706701348     358.681529321264
   0.300000000000011                    0      6.5412107542823 0.000680992951444294    0.236104908809871      358.67528303544
   0.300000000000011                    0      6.5412107542823 0.000680992951444294    0.235572110918394     358.669036749616
   0.300000000000011                    0      6.5412107542823 0.000680992951444294    0.235039313026917     358.662790463792
   0.300000000000011                    0      6.5412107542823 0.000680992951444294     0.23450651513544     358.656544177968
   0.300000000000011                    0      6.5412107542823 0.000680992951444294    0.233973717243962     358.650297892144
   0.300000000000011                    0      6.5412107542823 0.000680992951444294    0.233440919352485     358.644051606319
   0.300000000000011                    0      6.5412107542823 0.000680992951444294    0.232908121461008     358.637805320495
   0.300000000000011                    0      6.5412107542823 0.000680992951444294    0.232375323569531     358.631559034671
   0.300000000000011                    0      6.5412107542823 0.000680992951444294    0.231842525678054     358.625312748847
   0.300000000000011                    0      6.5412107542823 0.000680992951444294    0.231309727786577     358.619066463023
   0.300000000000011                    0      6.5412107542823 0.000680992951444294      0.2307769298951     358.612820177199
   0.300000000000011                    0      6.5412107542823 0.000680992951444294    0.230244132003623     358.606573891375
   0.300000000000011                    0      6.5412107542823 0.000680992951444294    0.229711334112146      358.60032760555
   0.300000000000011                    0      6.5412107542823 0.000680992951444294    0.229178536220669     358.594081319726
   0.300000000000011                    0      6.5412107542823 0.000680992951444294    0.228645738329192     358.587835033902
   0.300000000000011                    0      6.5412107542823 0.000680992951444294    0.228112940437715     358.581588748078
   0.300000000000011                    0      6.5412107542823 0.000680992951444294    0.227580142546237     358.575342462254
   0.105021617835177     9.99744005622027      6.5412107542823 0.000680992951444294     0.22704734465476      358.56909617643
    30.9005514959533     5.01907191616715      3.6586168238863 0.000828371787476453    0.810010566251895     358.959110472703
   0.300000000001035                    0      6.5412107542823 0.000680992951444294    0.239444645489012     358.777922575064
   0.300000000000011                    0      6.5412107542823 0.000680992951444294    0.239229232741399     358.780949190912
   0.300000000000011                    0      6.5412107542823 0.000680992951444294    0.239013819993785      358.78397580676
   0.300000000000011                    0      6.5412107542823 0.000680992951444294    0.238798407246171     358.787002422608
   0.300000000000011                    0      6.5412107542823 0.000680992951444294    0.238582994498558     358.790029038456
   0.300000000000011                    0      6.5412107542823 0.000680992951444294    0.238367581750944     358.793055654304
   0.300000000000011                    0      6.5412107542823 0.000680992951444294     0.23815216900333     358.796082270152
   0.300000000000011                    0      6.5412107542823 0.000680992951444294    0.237936756255717        358.799108886
   0.300000000000011                    0      6.5412107542823 0.000680992951444294    0.237721343508103     358.802135501848
   0.300000000000011                    0      6.5412107542823 0.000680992951444294    0.237505930760489     358.805162117696
   0.300000000000011                    0      6.5412107542823 0.000680992951444294    0.237290518012875     358.808188733544
   0.300000000000011                    0      6.5412107542823 0.000680992951444294    0.237075105265262     358.811215349392
   0.300000000000011                    0      6.5412107542823 0.000680992951444294    0.236859692517648      358.81424196524
   0.300000000000011                    0      6.5412107542823 0.000680992951444294    0.236644279770034     358.817268581088
   0.300000000000011                    0      6.5412107542823 0.000680992951444294    0.236428867022421     358.820295196936
   0.300000000000011                    0      6.5412107542823 0.000680992951444294    0.236213454274807     358.823321812784
   0.299999999999955                    0      6.5412107542823 0.000680992951444294    0.235998041527193     358.826348428632
   0.299999999999955                    0      6.5412107542823 0.000680992951444294     0.23578262877958      358.82937504448
   0.299999999999955                    0      6.5412107542823 0.000680992951444294    0.235567216031966     358.832401660328
   0.299999999999955                    0      6.5412107542823 0.000680992951444294    0.235351803284352     358.835428276176
   0.299999999999955                    0      6.5412107542823 0.000680992951444294    0.235136390536739     358.838454892024
   0.299999999999955                    0      6.5412107542823 0.000680992951444294    0.234920977789125     358.841481507872
   0.299999999999955                    0      6.5412107542823 0.000680992951444294    0.234705565041511      358.84450812372
   0.299999999999955                    0      6.5412107542823 0.000680992951444294    0.234490152293897     358.847534739568
   0.299999999999955                    0      6.5412107542823 0.000680992951444294    0.234274739546284     358.850561355416
   0.299999999999955                    0      6.5412107542823 0.000680992951444294     0.23405932679867     358.853587971264
   0.299999999999955                    0      6.5412107542823 0.000680992951444294    0.233843914051056     358.856614587112
   0.299999999999955                    0      6.5412107542823 0.000680992951444294    0.233628501303443      358.85964120296
   0.299999999999955                    0      6.5412107542823 0.000680992951444294    0.233413088555829     358.862667818808
   0.299999999999955                    0      6.5412107542823 0.000680992951444294    0.233197675808215     358.865694434656
   0.299999999999955                    0      6.5412107542823 0.000680992951444294    0.232982263060602     358.868721050504
   0.299999999999955                    0      6.5412107542823 0.000680992951444294    0.232766850312988     358.871747666352
   0.299999999999955                    0      6.5412107542823 0.000680992951444294    0.232551437565374       358.8747742822
   0.299999999999955                    0      6.5412107542823 0.000680992951444294    0.232336024817761     358.877800898048
   0.299999999999955                    0      6.5412107542823 0.000680992951444294    0.232120612070147     358.880827513896
   0.299999999999955                    0      6.5412107542823 0.000680992951444294    0.231905199322533     358.883854129744
   0.299999999999955                    0      6.5412107542823 0.000680992951444294    0.231689786574919     358.886880745592
   0.299999999999955                    0      6.5412107542823 0.000680992951444294    0.231474373827306      358.88990736144
   0.299999999999955                    0      6.5412107542823 0.000680992951444294    0.231258961079692     358.892933977288
   0.299999999999955                    0      6.5412107542823 0.000680992951444294    0.231043548332078     358.895960593136
   0.299999999999955                    0      6.5412107542823 0.000680992951444294    0.230828135584465     358.898987208984
   0.299999999999955                    0      6.5412107542823 0.000680992951444294    0.230612722836851     358.902013824832
   0.299999999999955                    0      6.5412107542823 0.000680992951444294    0.230397310089237      358.90504044068
   0.299999999999955                    0      6.5412107542823 0.000680992951444294    0.230181897341624     358.908067056528
   0.299999999999955                    0      6.5412107542823 0.000680992951444294     0.22996648459401     358.911093672376
   0.299999999999955                    0      6.5412107542823 0.000680992951444294    0.229751071846396     358.914120288224
   0.299999999999955                    0      6.5412107542823 0.000680992951444294    0.229535659098783     358.917146904072
   0.299999999999955                    0      6.5412107542823 0.000680992951444294    0.229320246351169      358.92017351992
   0.299999999999955                    0      6.5412107542823 0.000680992951444294    0.229104833603555     358.923200135768
   0.299999999999955                    0      6.5412107542823 0.000680992951444294    0.228889420855941     358.926226751616
   0.299999999999955                    0      6.5412107542823 0.000680992951444294    0.228674008108328     358.929253367464
   0.299999999999955                    0      6.5412107542823 0.000680992951444294    0.228458595360714     358.932279983312
   0.299999999999955                    0      6.5412107542823 0.000680992951444294      0.2282431826131      358.93530659916
   0.299999999999955                    0      6.5412107542823 0.000680992951444294    0.228027769865487     358.938333215008
   0.299999999999955                    0      6.5412107542823 0.000680992951444294    0.227812357117873     358.941359830856
   0.299999999999955                    0      6.5412107542823 0.000680992951444294    0.227596944370259     358.944386446704
   0.299999999999955                    0      6.5412107542823 0.000680992951444294    0.227381531622646     358.947413062552
   0.299999999999955                    0      6.5412107542823 0.000680992951444294    0.227166118875032       358.9504396784
   0.299999999999955                    0      6.5412107542823 0.000680992951444294    0.226950706127418     358.953466294248
   0.299999999999955                    0      6.5412107542823 0.000680992951444294    0.226735293379805     358.956492910096
   0.299999999999955                    0      6.5412107542823 0.000680992951444294    0.226519880632191     358.959519525944
   0.299999999999955                    0      6.5412107542823 0.000680992951444294    0.226304467884577     358.962546141792
   0.299999999999955                    0      6.5412107542823 0.000680992951444294    0.226089055136963      358.96557275764
   0.299999999999955                    0      6.5412107542823 0.000680992951444294     0.22587364238935     358.968599373488
   0.299999999999955                    0      6.5412107542823 0.000680992951444294    0.225658229641736     358.971625989336
   0.299999999999955                    0      6.5412107542823 0.000680992951444294    0.225442816894122     358.974652605184
   0.299999999999955                    0      6.5412107542823 0.000680992951444294    0.225227404146509     358.977679221032
   0.123023288482045     9.92091189016471      6.5412107542823 0.000680992951444294    0.225011991398895      358.98070583688
    32.4577701474539     9.98762331193071      3.6586168238863 0.000828371787476453    0.880105555482422     358.999289216396
   0.299999999999955                    0      6.5412107542823 0.000680992951444294    0.218204211946688     358.913770753663
   0.299999999999955                    0      6.5412107542823 0.000680992951444294    0.218324172298818     358.909526215459
   0.299999999999955                    0      6.5412107542823 0.000680992951444294    0.218444132650947     358.905281677254
   0.299999999999955                    0      6.5412107542823 0.000680992951444294    0.218564093003077     358.901037139049
   0.299999999999955                    0      6.5412107542823 0.000680992951444294    0.218684053355206     358.896792600844
   0.299999999999955                    0      6.5412107542823 0.000680992951444294    0.218804013707336     358.892548062639
   0.299999999999955                    0      6.5412107542823 0.000680992951444294    0.218923974059465     358.888303524434
   0.299999999999955                    0      6.5412107542823 0.000680992951444294    0.219043934411595      358.88405898623
   0.299999999999955                    0      6.5412107542823 0.000680992951444294    0.219163894763724     358.879814448025
   0.299999999999955                    0      6.5412107542823 0.000680992951444294    0.219283855115854      358.87556990982
   0.299999999999955                    0      6.5412107542823 0.000680992951444294    0.219403815467984     358.871325371615
   0.299999999999955                    0      6.5412107542823 0.000680992951444294    0.219523775820113      358.86708083341
   0.299999999999955                    0      6.5412107542823 0.000680992951444294    0.219643736172243     358.862836295206
   0.299999999999955                    0      6.5412107542823 0.000680992951444294    0.219763696524372     358.858591757001
   0.299999999999955                    0      6.5412107542823 0.000680992951444294    0.219883656876502     358.854347218796
   0.299999999999955                    0      6.5412107542823 0.000680992951444294    0.220003617228631     358.850102680591
   0.299999999999955                    0      6.5412107542823 0.000680992951444294    0.220123577580761     358.845858142386
   0.299999999999955                    0      6.5412107542823 0.000680992951444294     0.22024353793289     358.841613604182
   0.299999999999955                    0      6.5412107542823 0.000680992951444294     0.22036349828502     358.837369065977
   0.299999999999955                    0      6.5412107542823 0.000680992951444294    0.220483458637149     358.833124527772
   0.299999999999955                    0      6.5412107542823 0.000680992951444294    0.220603418989279     358.828879989567
   0.299999999999955                    0      6.5412107542823 0.000680992951444294    0.220723379341408     358.824635451362
   0.299999999999955                    0      6.5412107542823 0.000680992951444294    0.220843339693538     358.820390913157
   0.299999999999955                    0      6.5412107542823 0.000680992951444294    0.220963300045667     358.816146374953
   0.299999999999955                    0      6.5412107542823 0.000680992951444294    0.221083260397797     358.811901836748
   0.299999999999955                    0      6.5412107542823 0.000680992951444294    0.221203220749926     358.807657298543
   0.299999999999955                    0      6.5412107542823 0.000680992951444294    0.221323181102056     358.803412760338
   0.299999999999955                    0      6.5412107542823 0.000680992951444294    0.221443141454185     358.799168222133
   0.299999999999955                    0      6.5412107542823 0.000680992951444294    0.221563101806315     358.794923683929
   0.299999999999955                    0      6.5412107542823 0.000680992951444294    0.221683062158444     358.790679145724
   0.299999999999955                    0      6.5412107542823 0.000680992951444294    0.221803022510574     358.786434607519
   0.299999999999955                    0      6.5412107542823 0.000680992951444294    0.221922982862704     358.782190069314
   0.299999999999955                    0      6.5412107542823 0.000680992951444294    0.222042943214833     358.777945531109
   0.299999999999955                    0      6.5412107542823 0.000680992951444294    0.222162903566963     358.773700992905
   0.299999999999955                    0      6.5412107542823 0.000680992951444294    0.222282863919092       358.7694564547
   0.299999999999955                    0      6.5412107542823 0.000680992951444294    0.222402824271222     358.765211916495
   0.299999999999955                    0      6.5412107542823 0.000680992951444294    0.222522784623351      358.76096737829
   0.299999999999955                    0      6.5412107542823 0.000680992951444294    0.222642744975481     358.756722840085
   0.299999999999955                    0      6.5412107542823 0.000680992951444294     0.22276270532761      358.75247830188
   0.299999999999955                    0      6.5412107542823 0.000680992951444294     0.22288266567974     358.748233763676
   0.299999999999955                    0      6.5412107542823 0.000680992951444294    0.223002626031869     358.743989225471
   0.299999999999955                    0      6.5412107542823 0.000680992951444294    0.223122586383999     358.739744687266
   0.299999999999955                    0      6.5412107542823 0.000680992951444294    0.223242546736128     358.735500149061
   0.299999999999955                    0      6.5412107542823 0.000680992951444294    0.223362507088258     358.731255610856
   0.299999999999955                    0      6.5412107542823 0.000680992951444294    0.223482467440387     358.727011072652
   0.299999999999955                    0      6.5412107542823 0.000680992951444294    0.223602427792517     358.722766534447
   0.299999999999955                    0      6.5412107542823 0.000680992951444294    0.223722388144646     358.718521996242
   0.299999999999955                    0      6.5412107542823 0.000680992951444294    0.223842348496776     358.714277458037
   0.299999999999955                    0      6.5412107542823 0.000680992951444294    0.223962308848905     358.710032919832
   0.299999999999955                    0      6.5412107542823 0.000680992951444294    0.224082269201035     358.705788381628
   0.299999999999955                    0      6.5412107542823 0.000680992951444294    0.224202229553165     358.701543843423
   0.299999999999955                    0      6.5412107542823 0.000680992951444294    0.224322189905294     358.697299305218
   0.299999999999955                    0      6.5412107542823 0.000680992951444294    0.224442150257424     358.693054767013
   0.299999999999955                    0      6.5412107542823 0.000680992951444294    0.224562110609553     358.688810228808
   0.299999999999955                    0      6.5412107542823 0.000680992951444294    0.224682070961683     358.684565690603
   0.299999999999955                    0      6.5412107542823 0.000680992951444294    0.224802031313812     358.680321152399
   0.299999999999955                    0      6.5412107542823 0.000680992951444294    0.224921991665942     358.676076614194
   0.299999999999955                    0      6.5412107542823 0.000680992951444294    0.225041952018071     358.671832075989
   0.299999999999955                    0      6.5412107542823 0.000680992951444294    0.225161912370201     358.667587537784
   0.299999999999955                    0      6.5412107542823 0.000680992951444294     0.22528187272233     358.663342999579
   0.299999999999955                    0      6.5412107542823 0.000680992951444294     0.22540183307446     358.659098461375
   0.299999999999955                    0      6.5412107542823 0.000680992951444294    0.225521793426589      358.65485392317
   0.299999999999955                    0      6.5412107542823 0.000680992951444294    0.225641753778719     358.650609384965
   0.299999999999955                    0      6.5412107542823 0.000680992951444294    0.225761714130848      358.64636484676
   0.299999999999955                    0      6.5412107542823 0.000680992951444294    0.225881674482978     358.642120308555
   0.299999999999955                    0      6.5412107542823 0.000680992951444294    0.226001634835107     358.637875770351
   0.299999999999955                    0      6.5412107542823 0.000680992951444294    0.226121595187237     358.633631232146
   0.299999999999955                    0      6.5412107542823 0.000680992951444294    0.226241555539366     358.629386693941
   0.299999999999955                    0      6.5412107542823 0.000680992951444294    0.226361515891496     358.625142155736
   0.299999999999955                    0      6.5412107542823 0.000680992951444294    0.226481476243625     358.620897617531
   0.299999999999955                    0      6.5412107542823 0.000680992951444294    0.226601436595755     358.616653079326
   0.299999999999955                    0      6.5412107542823 0.000680992951444294    0.226721396947885     358.612408541122
   0.299999999999955                    0      6.5412107542823 0.000680992951444294    0.226841357300014     358.608164002917
   0.299999999999955                    0      6.5412107542823 0.000680992951444294    0.226961317652144     358.603919464712
   0.299999999999955                    0      6.5412107542823 0.000680992951444294    0.227081278004273     358.599674926507
   0.299999999999955                    0      6.5412107542823 0.000680992951444294    0.227201238356403     358.595430388302
   0.299999999999955                    0      6.5412107542823 0.000680992951444294    0.227321198708532     358.591185850098
   0.299999999999955                    0      6.5412107542823 0.000680992951444294    0.227441159060662     358.586941311893
   0.299999999999955                    0      6.5412107542823 0.000680992951444294    0.227561119412791     358.582696773688
   0.299999999999955                    0      6.5412107542823 0.000680992951444294    0.227681079764921     358.578452235483
   0.128533687479489     3.93480531740295      6.5412107542823 0.000680992951444294     0.22780104011705     358.574207697278
    48.9945518180972      3.7262540842214      3.6586168238863 0.000828371787476453    0.880163467372988     338.877527321519
   0.299999999998136                    0      6.5412107542823 0.000680992951444294    0.247854739522585     110.575679317011
   0.299999999999955                    0      6.5412107542823 0.000680992951444294    0.248067534124534     109.306760009762
   0.299999999999955                    0      6.5412107542823 0.000680992951444294    0.248280328726484     108.037840702512
   0.299999999999955                    0      6.5412107542823 0.000680992951444294    0.248493123328434     106.768921395263
   0.299999999999955                    0      6.5412107542823 0.000680992951444294    0.248705917930383     105.500002088013
   0.299999999999955                    0      6.5412107542823 0.000680992951444294    0.248918712532333     104.231082780764
   0.299999999999955                    0      6.5412107542823 0.000680992951444294    0.249131507134283     102.962163473514
   0.299999999999955                    0      6.5412107542823 0.000680992951444294    0.249344301736233     101.693244166265
   0.299999999999955                    0      6.5412107542823 0.000680992951444294    0.249557096338182     100.424324859015
   0.299999999999955                    0      6.5412107542823 0.000680992951444294    0.249769890940132     99.1554055517656
   0.299999999999955                    0      6.5412107542823 0.000680992951444294    0.249982685542082     97.8864862445161
   0.299999999999955                    0      6.5412107542823 0.000680992951444294    0.250195480144032     96.6175669372666
   0.299999999999955                    0      6.5412107542823 0.000680992951444294    0.250408274745981     95.3486476300171
   0.299999999999955                    0      6.5412107542823 0.000680992951444294    0.250621069347931     94.0797283227676
   0.299999999999955                    0      6.5412107542823 0.000680992951444294    0.250833863949881     92.8108090155181
   0.299999999999955                    0      6.5412107542823 0.000680992951444294    0.251046658551831     91.5418897082686
   0.299999999999955                    0      6.5412107542823 0.000680992951444294     0.25125945315378     90.2729704010191
   0.299999999999955                    0      6.5412107542823 0.000680992951444294     0.25147224775573     89.0040510937696
   0.299999999999955                    0      6.5412107542823 0.000680992951444294     0.25168504235768     87.7351317865201
   0.299999999999955                    0      6.5412107542823 0.000680992951444294    0.251897836959629     86.4662124792706
   0.299999999999955                    0      6.5412107542823 0.000680992951444294    0.252110631561579     85.1972931720211
   0.299999999999955                    0      6.5412107542823 0.000680992951444294    0.252323426163529     83.9283738647716
   0.299999999999955                    0      6.5412107542823 0.000680992951444294    0.252536220765479     82.6594545575221
   0.299999999999955                    0      6.5412107542823 0.000680992951444294    0.252749015367428     81.3905352502726
   0.299999999999955                    0      6.5412107542823 0.000680992951444294    0.252961809969378     80.1216159430231
   0.299999999999955                    0      6.5412107542823 0.000680992951444294    0.253174604571328     78.8526966357736
   0.299999999999955                    0      6.5412107542823 0.000680992951444294    0.253387399173278     77.5837773285241
   0.299999999999955                    0      6.5412107542823 0.000680992951444294    0.253600193775227     76.3148580212745
   0.299999999999955                    0      6.5412107542823 0.000680992951444294    0.253812988377177     75.0459387140251
   0.299999999999955                    0      6.5412107542823 0.000680992951444294    0.254025782979127     73.7770194067756
   0.299999999999955                    0      6.5412107542823 0.000680992951444294    0.254238577581076      72.508100099526
   0.299999999999955                    0      6.5412107542823 0.000680992951444294    0.254451372183026     71.2391807922765
   0.299999999999955                    0      6.5412107542823 0.000680992951444294    0.254664166784976      69.970261485027
   0.299999999999955                    0      6.5412107542823 0.000680992951444294    0.254876961386926     68.7013421777775
   0.299999999999955                    0      6.5412107542823 0.000680992951444294    0.255089755988875      67.432422870528
   0.299999999999955                    0      6.5412107542823 0.000680992951444294    0.255302550590825     66.1635035632785
   0.299999999999955                    0      6.5412107542823 0.000680992951444294    0.255515345192775      64.894584256029
   0.299999999999955                    0      6.5412107542823 0.000680992951444294    0.255728139794725     63.6256649487795
   0.299999999999955                    0      6.5412107542823 0.000680992951444294    0.255940934396674       62.35674564153
   0.299999999999955                    0      6.5412107542823 0.000680992951444294    0.256153728998624     61.0878263342805
   0.299999999999955                    0      6.5412107542823 0.000680992951444294    0.256366523600574      59.818907027031
   0.299999999999955                    0      6.5412107542823 0.000680992951444294    0.256579318202523     58.5499877197815
   0.299999999999955                    0      6.5412107542823 0.000680992951444294    0.256792112804473      57.281068412532
   0.299999999999955                    0      6.5412107542823 0.000680992951444294    0.257004907406423     56.0121491052825
   0.299999999999955                    0      6.5412107542823 0.000680992951444294    0.257217702008373      54.743229798033
   0.299999999999955                    0      6.5412107542823 0.000680992951444294    0.257430496610322     53.4743104907835
   0.299999999999955                    0      6.5412107542823 0.000680992951444294    0.257643291212272      52.205391183534
   0.299999999999955                    0      6.5412107542823 0.000680992951444294    0.257856085814222     50.9364718762845
   0.299999999999955                    0      6.5412107542823 0.000680992951444294    0.258068880416172      49.667552569035
   0.299999999999955                    0      6.5412107542823 0.000680992951444294    0.258281675018121     48.3986332617855
   0.299999999999955                    0      6.5412107542823 0.000680992951444294    0.258494469620071      47.129713954536
   0.299999999999955                    0      6.5412107542823 0.000680992951444294    0.258707264222021     45.8607946472865
 0.00791547674668891     9.99996999677782      6.5412107542823 0.000680992951444294    0.258920058823971      44.591875340037
    31.9209084812182     9.99432910061352      3.6586168238863 0.000828371787476453     1.02998259646225     358.973328443852
   0.299999999996999                    0      6.5412107542823 0.000680992951444294    0.242991617597768     99.3529845471073
   0.299999999999955                    0      6.5412107542823 0.000680992951444294    0.242810523553627     122.922665252091
   0.299999999999955                    0      6.5412107542823 0.000680992951444294    0.242629429509485     146.492345957075
   0.299999999999955                    0      6.5412107542823 0.000680992951444294    0.242448335465344     170.062026662059
   0.299999999999955                    0      6.5412107542823 0.000680992951444294    0.242267241421203     193.631707367043
   0.299999999999955                    0      6.5412107542823 0.000680992951444294    0.242086147377061     217.201388072027
   0.299999999999955                    0      6.5412107542823 0.000680992951444294     0.24190505333292     240.771068777011
   0.299999999999955                    0      6.5412107542823 0.000680992951444294    0.241723959288779     264.340749481995
   0.299999999999955                    0      6.5412107542823 0.000680992951444294    0.241542865244638     287.910430186979
   0.299999999999955                    0      6.5412107542823 0.000680992951444294    0.241361771200496     311.480110891963
   0.299999999999955                    0      6.5412107542823 0.000680992951444294    0.241180677156355     335.049791596947
   0.102197475525827      2.6182741574735      6.5412107542823 0.000680992951444294    0.240999583112214     358.619472301931
                   0                    0                    0                    0                    0     358.619472301931
