#      z (A) rho (1e-6/A2) irho (1e-6/A2) rhoM (1e-6/A2) theta (degrees)
-10.00000000   3.53290778   0.00034376   0.00000000 224.82840812
  0.00000000   3.53290778   0.00034376   0.00000000 224.82840812
  0.00000000   3.65861682   0.00082837   0.90797434 224.82840812
 38.22045874   3.65861682   0.00082837   0.90797434 224.82840812
 38.22045874   6.54121075   0.00068099   0.37199902   0.52656177
 38.52045874   6.54121075   0.00068099   0.37199902   0.52656177
 38.52045874   6.54121075   0.00068099   0.37212299   9.24545809
 38.82045874   6.54121075   0.00068099   0.37212299   9.24545809
 38.82045874   6.54121075   0.00068099   0.37224695  17.96435442
 39.12045874   6.54121075   0.00068099   0.37224695  17.96435442
 39.12045874   6.54121075   0.00068099   0.37237091  26.68325074
 39.42045874   6.54121075   0.00068099   0.37237091  26.68325074
 39.42045874   6.54121075   0.00068099   0.37249487  35.40214707
 39.72045874   6.54121075   0.00068099   0.37249487  35.40214707
 39.72045874   6.54121075   0.00068099   0.37261884  44.12104340
 40.02045874   6.54121075   0.00068099   0.37261884  44.12104340
 40.02045874   6.54121075   0.00068099   0.37274280  52.83993972
 40.32045874   6.54121075   0.00068099   0.37274280  52.83993972
 40.32045874   6.54121075   0.00068099   0.37286676  61.55883605
 40.62045874   6.54121075   0.00068099   0.37286676  61.55883605
 40.62045874   6.54121075   0.00068099   0.37299072  70.27773237
 40.92045874   6.54121075   0.00068099   0.37299072  70.27773237
 40.92045874   6.54121075   0.00068099   0.37311469  78.99662870
 41.22045874   6.54121075   0.00068099   0.37311469  78.99662870
 41.22045874   6.54121075   0.00068099   0.37323865  87.71552502
 41.52045874   6.54121075   0.00068099   0.37323865  87.71552502
 41.52045874   6.54121075   0.00068099   0.37336261  96.43442135
 41.82045874   6.54121075   0.00068099   0.37336261  96.43442135
 41.82045874   6.54121075   0.00068099   0.37348657 105.15331767
 42.12045874   6.54121075   0.00068099   0.37348657 105.15331767
 42.12045874   6.54121075   0.00068099   0.37361054 113.87221400
 42.42045874   6.54121075   0.00068099   0.37361054 113.87221400
 42.42045874   6.54121075   0.00068099   0.37373450 122.59111033
 42.72045874   6.54121075   0.00068099   0.37373450 122.59111033
 42.72045874   6.54121075   0.00068099   0.37385846 131.31000665
 43.02045874   6.54121075   0.00068099   0.37385846 131.31000665
 43.02045874   6.54121075   0.00068099   0.37398243 140.02890298
 43.32045874   6.54121075   0.00068099   0.37398243 140.02890298
 43.32045874   6.54121075   0.00068099   0.37410639 148.74779930
 43.62045874   6.54121075   0.00068099   0.37410639 148.74779930
 43.62045874   6.54121075   0.00068099   0.37423035 157.46669563
 43.92045874   6.54121075   0.00068099   0.37423035 157.46669563
 43.92045874   6.54121075   0.00068099   0.37435431 166.18559195
 44.22045874   6.54121075   0.00068099   0.37435431 166.18559195
 44.22045874   6.54121075   0.00068099   0.37447828 174.90448828
 44.52045874   6.54121075   0.00068099   0.37447828 174.90448828
 44.52045874   6.54121075   0.00068099   0.37460224 183.62338460
 44.82045874   6.54121075   0.00068099   0.37460224 183.62338460
 44.82045874   6.54121075   0.00068099   0.37472620 192.34228093
 45.12045874   6.54121075   0.00068099   0.37472620 192.34228093
 45.12045874   6.54121075   0.00068099   0.37485016 201.06117726
 45.42045874   6.54121075   0.00068099   0.37485016 201.06117726
 45.42045874   6.54121075   0.00068099   0.37497413 209.78007358
 45.72045874   6.54121075   0.00068099   0.37497413 209.78007358
 45.72045874   6.54121075   0.00068099   0.37509809 218.49896991
 46.02045874   6.54121075   0.00068099   0.37509809 218.49896991
 46.02045874   6.54121075   0.00068099   0.37522205 227.21786623
 46.32045874   6.54121075   0.00068099   0.37522205 227.21786623
 46.32045874   6.54121075   0.00068099   0.37534601 235.93676256
 46.62045874   6.54121075   0.00068099   0.37534601 235.93676256
 46.62045874   6.54121075   0.00068099   0.37546998 244.65565888
 46.92045874   6.54121075   0.00068099   0.37546998 244.65565888
 46.92045874   6.54121075   0.00068099   0.37559394 253.37455521
 47.22045874   6.54121075   0.00068099   0.37559394 253.37455521
 47.22045874   6.54121075   0.00068099   0.37571790 262.09345153
 47.52045874   6.54121075   0.00068099   0.37571790 262.09345153
 47.52045874   6.54121075   0.00068099   0.37584186 270.81234786
 47.82045874   6.54121075   0.00068099   0.37584186 270.81234786
 47.82045874   6.54121075   0.00068099   0.37596583 279.53124419
 48.12045874   6.54121075   0.00068099   0.37596583 279.53124419
 48.12045874   6.54121075   0.00068099   0.37608979 288.25014051
 48.42045874   6.54121075   0.00068099   0.37608979 288.25014051
 48.42045874   6.54121075   0.00068099   0.37621375 296.96903684
 48.72045874   6.54121075   0.00068099   0.37621375 296.96903684
 48.72045874   6.54121075   0.00068099   0.37633772 305.68793316
 49.02045874   6.54121075   0.00068099   0.37633772 305.68793316
 49.02045874   6.54121075   0.00068099   0.37646168 314.40682949
 49.32045874   6.54121075   0.00068099   0.37646168 314.40682949
 49.32045874   6.54121075   0.00068099   0.37658564 323.12572581
 49.62045874   6.54121075   0.00068099   0.37658564 323.12572581
 49.62045874   6.54121075   0.00068099   0.37670960 331.84462214
 49.92045874   6.54121075   0.00068099   0.37670960 331.84462214
 49.92045874   6.54121075   0.00068099   0.37683357 340.56351846
 50.19301618   6.54121075   0.00068099   0.37683357 340.56351846
 50.19301618   3.65861682   0.00082837   1.08998252   0.00207707
 83.59915255   3.65861682   0.00082837   1.08998252   0.00207707
 83.59915255   6.54121075   0.00068099   0.38390737  20.88711624
 83.89915255   6.54121075   0.00068099   0.38390737  20.88711624
 83.89915255   6.54121075   0.00068099   0.38356879  21.19839462
 84.19915255   6.54121075   0.00068099   0.38356879  21.19839462
 84.19915255   6.54121075   0.00068099   0.38323021  21.50967301
 84.49915255   6.54121075   0.00068099   0.38323021  21.50967301
 84.49915255   6.54121075   0.00068099   0.38289163  21.82095139
 84.79915255   6.54121075   0.00068099   0.38289163  21.82095139
 84.79915255   6.54121075   0.00068099   0.38255304  22.13222977
 85.09915255   6.54121075   0.00068099   0.38255304  22.13222977
 85.09915255   6.54121075   0.00068099   0.38221446  22.44350816
 85.39915255   6.54121075   0.00068099   0.38221446  22.44350816
 85.39915255   6.54121075   0.00068099   0.38187588  22.75478654
 85.69915255   6.54121075   0.00068099   0.38187588  22.75478654
 85.69915255   6.54121075   0.00068099   0.38153730  23.06606492
 85.99915255   6.54121075   0.00068099   0.38153730  23.06606492
 85.99915255   6.54121075   0.00068099   0.38119872  23.37734331
 86.29915255   6.54121075   0.00068099   0.38119872  23.37734331
 86.29915255   6.54121075   0.00068099   0.38086013  23.68862169
 86.59915255   6.54121075   0.00068099   0.38086013  23.68862169
 86.59915255   6.54121075   0.00068099   0.38052155  23.99990007
 86.89915255   6.54121075   0.00068099   0.38052155  23.99990007
 86.89915255   6.54121075   0.00068099   0.38018297  24.31117845
 87.19915255   6.54121075   0.00068099   0.38018297  24.31117845
 87.19915255   6.54121075   0.00068099   0.37984439  24.62245684
 87.49915255   6.54121075   0.00068099   0.37984439  24.62245684
 87.49915255   6.54121075   0.00068099   0.37950581  24.93373522
 87.79915255   6.54121075   0.00068099   0.37950581  24.93373522
 87.79915255   6.54121075   0.00068099   0.37916722  25.24501360
 88.09915255   6.54121075   0.00068099   0.37916722  25.24501360
 88.09915255   6.54121075   0.00068099   0.37882864  25.55629199
 88.39915255   6.54121075   0.00068099   0.37882864  25.55629199
 88.39915255   6.54121075   0.00068099   0.37849006  25.86757037
 88.69915255   6.54121075   0.00068099   0.37849006  25.86757037
 88.69915255   6.54121075   0.00068099   0.37815148  26.17884875
 88.99915255   6.54121075   0.00068099   0.37815148  26.17884875
 88.99915255   6.54121075   0.00068099   0.37781290  26.49012714
 89.29915255   6.54121075   0.00068099   0.37781290  26.49012714
 89.29915255   6.54121075   0.00068099   0.37747431  26.80140552
 89.59915255   6.54121075   0.00068099   0.37747431  26.80140552
 89.59915255   6.54121075   0.00068099   0.37713573  27.11268390
 89.89915255   6.54121075   0.00068099   0.37713573  27.11268390
 89.89915255   6.54121075   0.00068099   0.37679715  27.42396229
 90.19915255   6.54121075   0.00068099   0.37679715  27.42396229
 90.19915255   6.54121075   0.00068099   0.37645857  27.73524067
 90.49915255   6.54121075   0.00068099   0.37645857  27.73524067
 90.49915255   6.54121075   0.00068099   0.37611998  28.04651905
 90.79915255   6.54121075   0.00068099   0.37611998  28.04651905
 90.79915255   6.54121075   0.00068099   0.37578140  28.35779743
 91.09915255   6.54121075   0.00068099   0.37578140  28.35779743
 91.09915255   6.54121075   0.00068099   0.37544282  28.66907582
 91.39915255   6.54121075   0.00068099   0.37544282  28.66907582
 91.39915255   6.54121075   0.00068099   0.37510424  28.98035420
 91.69915255   6.54121075   0.00068099   0.37510424  28.98035420
 91.69915255   6.54121075   0.00068099   0.37476566  29.29163258
 91.99915255   6.54121075   0.00068099   0.37476566  29.29163258
 91.99915255   6.54121075   0.00068099   0.37442707  29.60291097
 92.29915255   6.54121075   0.00068099   0.37442707  29.60291097
 92.29915255   6.54121075   0.00068099   0.37408849  29.91418935
 92.59915255   6.54121075   0.00068099   0.37408849  29.91418935
 92.59915255   6.54121075   0.00068099   0.37374991  30.22546773
 92.89915255   6.54121075   0.00068099   0.37374991  30.22546773
 92.89915255   6.54121075   0.00068099   0.37341133  30.53674612
 93.19915255   6.54121075   0.00068099   0.37341133  30.53674612
 93.19915255   6.54121075   0.00068099   0.37307275  30.84802450
 93.49915255   6.54121075   0.00068099   0.37307275  30.84802450
 93.49915255   6.54121075   0.00068099   0.37273416  31.15930288
 93.79915255   6.54121075   0.00068099   0.37273416  31.15930288
 93.79915255   6.54121075   0.00068099   0.37239558  31.47058127
 94.09915255   6.54121075   0.00068099   0.37239558  31.47058127
 94.09915255   6.54121075   0.00068099   0.37205700  31.78185965
 94.39915255   6.54121075   0.00068099   0.37205700  31.78185965
 94.39915255   6.54121075   0.00068099   0.37171842  32.09313803
 94.69915255   6.54121075   0.00068099   0.37171842  32.09313803
 94.69915255   6.54121075   0.00068099   0.37137984  32.40441642
 94.99915255   6.54121075   0.00068099   0.37137984  32.40441642
 94.99915255   6.54121075   0.00068099   0.37104125  32.71569480
 95.29915255   6.54121075   0.00068099   0.37104125  32.71569480
 95.29915255   6.54121075   0.00068099   0.37070267  33.02697318
 95.59915255   6.54121075   0.00068099   0.37070267  33.02697318
 95.59915255   6.54121075   0.00068099   0.37036409  33.33825156
 95.89915255   6.54121075   0.00068099   0.37036409  33.33825156
 95.89915255   6.54121075   0.00068099   0.37002551  33.64952995
 96.19915255   6.54121075   0.00068099   0.37002551  33.64952995
 96.19915255   6.54121075   0.00068099   0.36968693  33.96080833
 96.49915255   6.54121075   0.00068099   0.36968693  33.96080833
 96.49915255   6.54121075   0.00068099   0.36934834  34.27208671
 96.79915255   6.54121075   0.00068099   0.36934834  34.27208671
 96.79915255   6.54121075   0.00068099   0.36900976  34.58336510
 97.09915255   6.54121075   0.00068099   0.36900976  34.58336510
 97.09915255   6.54121075   0.00068099   0.36867118  34.89464348
 97.39915255   6.54121075   0.00068099   0.36867118  34.89464348
 97.39915255   6.54121075   0.00068099   0.36833260  35.20592186
 97.69915255   6.54121075   0.00068099   0.36833260  35.20592186
 97.69915255   6.54121075   0.00068099   0.36799401  35.51720025
 97.99915255   6.54121075   0.00068099   0.36799401  35.51720025
 97.99915255   6.54121075   0.00068099   0.36765543  35.82847863
 98.29915255   6.54121075   0.00068099   0.36765543  35.82847863
 98.29915255   6.54121075   0.00068099   0.36731685  36.13975701
 98.59915255   6.54121075   0.00068099   0.36731685  36.13975701
 98.59915255   6.54121075   0.00068099   0.36697827  36.45103540
 98.77810951   6.54121075   0.00068099   0.36697827  36.45103540
 98.77810951   3.65861682   0.00082837   1.05288860 196.61212419
125.43722858   3.65861682   0.00082837   1.05288860 196.61212419
125.43722858   6.54121075   0.00068099   0.24595162 358.89604237
125.73722858   6.54121075   0.00068099   0.24595162 358.89604237
125.73722858   6.54121075   0.00068099   0.24587399 358.89732533
126.03722858   6.54121075   0.00068099   0.24587399 358.89732533
126.03722858   6.54121075   0.00068099   0.24579637 358.89860830
126.33722858   6.54121075   0.00068099   0.24579637 358.89860830
126.33722858   6.54121075   0.00068099   0.24571874 358.89989126
126.63722858   6.54121075   0.00068099   0.24571874 358.89989126
126.63722858   6.54121075   0.00068099   0.24564112 358.90117422
126.93722858   6.54121075   0.00068099   0.24564112 358.90117422
126.93722858   6.54121075   0.00068099   0.24556349 358.90245718
127.23722858   6.54121075   0.00068099   0.24556349 358.90245718
127.23722858   6.54121075   0.00068099   0.24548586 358.90374015
127.53722858   6.54121075   0.00068099   0.24548586 358.90374015
127.53722858   6.54121075   0.00068099   0.24540824 358.90502311
127.83722858   6.54121075   0.00068099   0.24540824 358.90502311
127.83722858   6.54121075   0.00068099   0.24533061 358.90630607
128.13722858   6.54121075   0.00068099   0.24533061 358.90630607
128.13722858   6.54121075   0.00068099   0.24525299 358.90758904
128.43722858   6.54121075   0.00068099   0.24525299 358.90758904
128.43722858   6.54121075   0.00068099   0.24517536 358.90887200
128.73722858   6.54121075   0.00068099   0.24517536 358.90887200
128.73722858   6.54121075   0.00068099   0.24509774 358.91015496
129.03722858   6.54121075   0.00068099   0.24509774 358.91015496
129.03722858   6.54121075   0.00068099   0.24502011 358.91143792
129.33722858   6.54121075   0.00068099   0.24502011 358.91143792
129.33722858   6.54121075   0.00068099   0.24494249 358.91272089
129.63722858   6.54121075   0.00068099   0.24494249 358.91272089
129.63722858   6.54121075   0.00068099   0.24486486 358.91400385
129.93722858   6.54121075   0.00068099   0.24486486 358.91400385
129.93722858   6.54121075   0.00068099   0.24478724 358.91528681
130.23722858   6.54121075   0.00068099   0.24478724 358.91528681
130.23722858   6.54121075   0.00068099   0.24470961 358.91656977
130.53722858   6.54121075   0.00068099   0.24470961 358.91656977
130.53722858   6.54121075   0.00068099   0.24463198 358.91785274
130.83722858   6.54121075   0.00068099   0.24463198 358.91785274
130.83722858   6.54121075   0.00068099   0.24455436 358.91913570
131.13722858   6.54121075   0.00068099   0.24455436 358.91913570
131.13722858   6.54121075   0.00068099   0.24447673 358.92041866
131.43722858   6.54121075   0.00068099   0.24447673 358.92041866
131.43722858   6.54121075   0.00068099   0.24439911 358.92170163
131.73722858   6.54121075   0.00068099   0.24439911 358.92170163
131.73722858   6.54121075   0.00068099   0.24432148 358.92298459
132.03722858   6.54121075   0.00068099   0.24432148 358.92298459
132.03722858   6.54121075   0.00068099   0.24424386 358.92426755
132.33722858   6.54121075   0.00068099   0.24424386 358.92426755
132.33722858   6.54121075   0.00068099   0.24416623 358.92555051
132.63722858   6.54121075   0.00068099   0.24416623 358.92555051
132.63722858   6.54121075   0.00068099   0.24408861 358.92683348
132.93722858   6.54121075   0.00068099   0.24408861 358.92683348
132.93722858   6.54121075   0.00068099   0.24401098 358.92811644
133.23722858   6.54121075   0.00068099   0.24401098 358.92811644
133.23722858   6.54121075   0.00068099   0.24393336 358.92939940
133.53722858   6.54121075   0.00068099   0.24393336 358.92939940
133.53722858   6.54121075   0.00068099   0.24385573 358.93068237
133.83722858   6.54121075   0.00068099   0.24385573 358.93068237
133.83722858   6.54121075   0.00068099   0.24377810 358.93196533
134.13722858   6.54121075   0.00068099   0.24377810 358.93196533
134.13722858   6.54121075   0.00068099   0.24370048 358.93324829
134.43722858   6.54121075   0.00068099   0.24370048 358.93324829
134.43722858   6.54121075   0.00068099   0.24362285 358.93453125
134.73722858   6.54121075   0.00068099   0.24362285 358.93453125
134.73722858   6.54121075   0.00068099   0.24354523 358.93581422
135.03722858   6.54121075   0.00068099   0.24354523 358.93581422
135.03722858   6.54121075   0.00068099   0.24346760 358.93709718
135.33722858   6.54121075   0.00068099   0.24346760 358.93709718
135.33722858   6.54121075   0.00068099   0.24338998 358.93838014
135.63722858   6.54121075   0.00068099   0.24338998 358.93838014
135.63722858   6.54121075   0.00068099   0.24331235 358.93966310
135.93722858   6.54121075   0.00068099   0.24331235 358.93966310
135.93722858   6.54121075   0.00068099   0.24323473 358.94094607
136.23722858   6.54121075   0.00068099   0.24323473 358.94094607
136.23722858   6.54121075   0.00068099   0.24315710 358.94222903
136.53722858   6.54121075   0.00068099   0.24315710 358.94222903
136.53722858   6.54121075   0.00068099   0.24307948 358.94351199
136.83722858   6.54121075   0.00068099   0.24307948 358.94351199
136.83722858   6.54121075   0.00068099   0.24300185 358.94479496
137.13722858   6.54121075   0.00068099   0.24300185 358.94479496
137.13722858   6.54121075   0.00068099   0.24292422 358.94607792
137.43722858   6.54121075   0.00068099   0.24292422 358.94607792
137.43722858   6.54121075   0.00068099   0.24284660 358.94736088
137.73722858   6.54121075   0.00068099   0.24284660 358.94736088
137.73722858   6.54121075   0.00068099   0.24276897 358.94864384
138.03722858   6.54121075   0.00068099   0.24276897 358.94864384
138.03722858   6.54121075   0.00068099   0.24269135 358.94992681
138.33722858   6.54121075   0.00068099   0.24269135 358.94992681
138.33722858   6.54121075   0.00068099   0.24261372 358.95120977
138.63722858   6.54121075   0.00068099   0.24261372 358.95120977
138.63722858   6.54121075   0.00068099   0.24253610 358.95249273
138.93722858   6.54121075   0.00068099   0.24253610 358.95249273
138.93722858   6.54121075   0.00068099   0.24245847 358.95377570
139.23722858   6.54121075   0.00068099   0.24245847 358.95377570
139.23722858   6.54121075   0.00068099   0.24238085 358.95505866
139.53722858   6.54121075   0.00068099   0.24238085 358.95505866
139.53722858   6.54121075   0.00068099   0.24230322 358.95634162
139.83722858   6.54121075   0.00068099   0.24230322 358.95634162
139.83722858   6.54121075   0.00068099   0.24222559 358.95762458
140.13722858   6.54121075   0.00068099   0.24222559 358.95762458
140.13722858   6.54121075   0.00068099   0.24214797 358.95890755
140.43722858   6.54121075   0.00068099   0.24214797 358.95890755
140.43722858   6.54121075   0.00068099   0.24207034 358.96019051
140.73722858   6.54121075   0.00068099   0.24207034 358.96019051
140.73722858   6.54121075   0.00068099   0.24199272 358.96147347
141.03722858   6.54121075   0.00068099   0.24199272 358.96147347
141.03722858   6.54121075   0.00068099   0.24191509 358.96275643
141.03728921   6.54121075   0.00068099   0.24191509 358.96275643
141.03728921   3.65861682   0.00082837   1.04988337 357.55856674
180.10332299   3.65861682   0.00082837   1.04988337 357.55856674
180.10332299   6.54121075   0.00068099   0.25055729 358.63477438
180.40332299   6.54121075   0.00068099   0.25055729 358.63477438
180.40332299   6.54121075   0.00068099   0.25108970 346.29972322
180.70332299   6.54121075   0.00068099   0.25108970 346.29972322
180.70332299   6.54121075   0.00068099   0.25162210 333.96467206
181.00332299   6.54121075   0.00068099   0.25162210 333.96467206
181.00332299   6.54121075   0.00068099   0.25215451 321.62962090
181.30332299   6.54121075   0.00068099   0.25215451 321.62962090
181.30332299   6.54121075   0.00068099   0.25268692 309.29456974
181.60332299   6.54121075   0.00068099   0.25268692 309.29456974
181.60332299   6.54121075   0.00068099   0.25321933 296.95951858
181.90332299   6.54121075   0.00068099   0.25321933 296.95951858
181.90332299   6.54121075   0.00068099   0.25375174 284.62446742
182.20332299   6.54121075   0.00068099   0.25375174 284.62446742
182.20332299   6.54121075   0.00068099   0.25428415 272.28941626
182.50332299   6.54121075   0.00068099   0.25428415 272.28941626
182.50332299   6.54121075   0.00068099   0.25481656 259.95436510
182.80332299   6.54121075   0.00068099   0.25481656 259.95436510
182.80332299   6.54121075   0.00068099   0.25534897 247.61931394
183.10332299   6.54121075   0.00068099   0.25534897 247.61931394
183.10332299   6.54121075   0.00068099   0.25588138 235.28426277
183.40332299   6.54121075   0.00068099   0.25588138 235.28426277
183.40332299   6.54121075   0.00068099   0.25641378 222.94921161
183.70332299   6.54121075   0.00068099   0.25641378 222.94921161
183.70332299   6.54121075   0.00068099   0.25694619 210.61416045
184.00332299   6.54121075   0.00068099   0.25694619 210.61416045
184.00332299   6.54121075   0.00068099   0.25747860 198.27910929
184.30332299   6.54121075   0.00068099   0.25747860 198.27910929
184.30332299   6.54121075   0.00068099   0.25801101 185.94405813
184.60332299   6.54121075   0.00068099   0.25801101 185.94405813
184.60332299   6.54121075   0.00068099   0.25854342 173.60900697
184.90332299   6.54121075   0.00068099   0.25854342 173.60900697
184.90332299   6.54121075   0.00068099   0.25907583 161.27395581
185.20332299   6.54121075   0.00068099   0.25907583 161.27395581
185.20332299   6.54121075   0.00068099   0.25960824 148.93890465
185.50332299   6.54121075   0.00068099   0.25960824 148.93890465
185.50332299   6.54121075   0.00068099   0.26014065 136.60385349
185.80332299   6.54121075   0.00068099   0.26014065 136.60385349
185.80332299   6.54121075   0.00068099   0.26067306 124.26880233
186.10332299   6.54121075   0.00068099   0.26067306 124.26880233
186.10332299   6.54121075   0.00068099   0.26120546 111.93375117
186.40332299   6.54121075   0.00068099   0.26120546 111.93375117
186.40332299   6.54121075   0.00068099   0.26173787  99.59870001
186.70332299   6.54121075   0.00068099   0.26173787  99.59870001
186.70332299   6.54121075   0.00068099   0.26227028  87.26364885
187.00332299   6.54121075   0.00068099   0.26227028  87.26364885
187.00332299   6.54121075   0.00068099   0.26280269  74.92859769
187.30332299   6.54121075   0.00068099   0.26280269  74.92859769
187.30332299   6.54121075   0.00068099   0.26333510  62.59354653
187.60332299   6.54121075   0.00068099   0.26333510  62.59354653
187.60332299   6.54121075   0.00068099   0.26386751  50.25849537
187.90332299   6.54121075   0.00068099   0.26386751  50.25849537
187.90332299   6.54121075   0.00068099   0.26439992  37.92344421
188.20332299   6.54121075   0.00068099   0.26439992  37.92344421
188.20332299   6.54121075   0.00068099   0.26493233  25.58839305
188.50332299   6.54121075   0.00068099   0.26493233  25.58839305
188.50332299   6.54121075   0.00068099   0.26546474  13.25334189
188.80332299   6.54121075   0.00068099   0.26546474  13.25334189
188.80332299   6.54121075   0.00068099   0.26599714   0.91829073
188.99041295   6.54121075   0.00068099   0.26599714   0.91829073
188.99041295   3.65861682   0.00082837   1.11996147 201.59126717
222.16056598   3.65861682   0.00082837   1.11996147 201.59126717
222.16056598   6.54121075   0.00068099   0.25599201 358.85705550
222.46056598   6.54121075   0.00068099   0.25599201 358.85705550
222.46056598   6.54121075   0.00068099   0.25542024 356.36389548
222.76056598   6.54121075   0.00068099   0.25542024 356.36389548
222.76056598   6.54121075   0.00068099   0.25484847 353.87073546
223.06056598   6.54121075   0.00068099   0.25484847 353.87073546
223.06056598   6.54121075   0.00068099   0.25427669 351.37757544
223.36056598   6.54121075   0.00068099   0.25427669 351.37757544
223.36056598   6.54121075   0.00068099   0.25370492 348.88441542
223.66056598   6.54121075   0.00068099   0.25370492 348.88441542
223.66056598   6.54121075   0.00068099   0.25313315 346.39125540
223.96056598   6.54121075   0.00068099   0.25313315 346.39125540
223.96056598   6.54121075   0.00068099   0.25256138 343.89809538
224.26056598   6.54121075   0.00068099   0.25256138 343.89809538
224.26056598   6.54121075   0.00068099   0.25198961 341.40493536
224.56056598   6.54121075   0.00068099   0.25198961 341.40493536
224.56056598   6.54121075   0.00068099   0.25141784 338.91177535
224.86056598   6.54121075   0.00068099   0.25141784 338.91177535
224.86056598   6.54121075   0.00068099   0.25084607 336.41861533
225.16056598   6.54121075   0.00068099   0.25084607 336.41861533
225.16056598   6.54121075   0.00068099   0.25027429 333.92545531
225.46056598   6.54121075   0.00068099   0.25027429 333.92545531
225.46056598   6.54121075   0.00068099   0.24970252 331.43229529
225.76056598   6.54121075   0.00068099   0.24970252 331.43229529
225.76056598   6.54121075   0.00068099   0.24913075 328.93913527
226.06056598   6.54121075   0.00068099   0.24913075 328.93913527
226.06056598   6.54121075   0.00068099   0.24855898 326.44597525
226.36056598   6.54121075   0.00068099   0.24855898 326.44597525
226.36056598   6.54121075   0.00068099   0.24798721 323.95281523
226.66056598   6.54121075   0.00068099   0.24798721 323.95281523
226.66056598   6.54121075   0.00068099   0.24741544 321.45965521
226.96056598   6.54121075   0.00068099   0.24741544 321.45965521
226.96056598   6.54121075   0.00068099   0.24684366 318.96649519
227.26056598   6.54121075   0.00068099   0.24684366 318.96649519
227.26056598   6.54121075   0.00068099   0.24627189 316.47333517
227.56056598   6.54121075   0.00068099   0.24627189 316.47333517
227.56056598   6.54121075   0.00068099   0.24570012 313.98017515
227.86056598   6.54121075   0.00068099   0.24570012 313.98017515
227.86056598   6.54121075   0.00068099   0.24512835 311.48701513
228.16056598   6.54121075   0.00068099   0.24512835 311.48701513
228.16056598   6.54121075   0.00068099   0.24455658 308.99385511
228.46056598   6.54121075   0.00068099   0.24455658 308.99385511
228.46056598   6.54121075   0.00068099   0.24398481 306.50069509
228.70775824   6.54121075   0.00068099   0.24398481 306.50069509
228.70775824   3.65861682   0.00082837   1.11973771 335.42424347
271.32069451   3.65861682   0.00082837   1.11973771 335.42424347
271.32069451   6.54121075   0.00068099   0.26170482   6.72664543
271.62069451   6.54121075   0.00068099   0.26170482   6.72664543
271.62069451   6.54121075   0.00068099   0.26032506   9.52556931
271.92069451   6.54121075   0.00068099   0.26032506   9.52556931
271.92069451   6.54121075   0.00068099   0.25894531  12.32449319
272.22069451   6.54121075   0.00068099   0.25894531  12.32449319
272.22069451   6.54121075   0.00068099   0.25756555  15.12341706
272.52069451   6.54121075   0.00068099   0.25756555  15.12341706
272.52069451   6.54121075   0.00068099   0.25618580  17.92234094
272.82069451   6.54121075   0.00068099   0.25618580  17.92234094
272.82069451   6.54121075   0.00068099   0.25480605  20.72126482
273.12069451   6.54121075   0.00068099   0.25480605  20.72126482
273.12069451   6.54121075   0.00068099   0.25342629  23.52018870
273.42069451   6.54121075   0.00068099   0.25342629  23.52018870
273.42069451   6.54121075   0.00068099   0.25204654  26.31911258
273.72069451   6.54121075   0.00068099   0.25204654  26.31911258
273.72069451   6.54121075   0.00068099   0.25066678  29.11803645
274.02069451   6.54121075   0.00068099   0.25066678  29.11803645
274.02069451   6.54121075   0.00068099   0.24928703  31.91696033
274.32069451   6.54121075   0.00068099   0.24928703  31.91696033
274.32069451   6.54121075   0.00068099   0.24790728  34.71588421
274.49685025   6.54121075   0.00068099   0.24790728  34.71588421
274.49685025   3.65861682   0.00082837   1.18975345 204.02515858
308.93169087   3.65861682   0.00082837   1.18975345 204.02515858
308.93169087   6.54121075   0.00068099   0.24795213 193.49104011
309.23169087   6.54121075   0.00068099   0.24795213 193.49104011
309.23169087   6.54121075   0.00068099   0.24878454 196.06869493
309.53169087   6.54121075   0.00068099   0.24878454 196.06869493
309.53169087   6.54121075   0.00068099   0.24961695 198.64634975
309.83169087   6.54121075   0.00068099   0.24961695 198.64634975
309.83169087   6.54121075   0.00068099   0.25044937 201.22400457
310.13169087   6.54121075   0.00068099   0.25044937 201.22400457
310.13169087   6.54121075   0.00068099   0.25128178 203.80165939
310.43169087   6.54121075   0.00068099   0.25128178 203.80165939
310.43169087   6.54121075   0.00068099   0.25211419 206.37931421
310.73169087   6.54121075   0.00068099   0.25211419 206.37931421
310.73169087   6.54121075   0.00068099   0.25294661 208.95696903
311.03169087   6.54121075   0.00068099   0.25294661 208.95696903
311.03169087   6.54121075   0.00068099   0.25377902 211.53462385
311.33169087   6.54121075   0.00068099   0.25377902 211.53462385
311.33169087   6.54121075   0.00068099   0.25461143 214.11227868
311.63169087   6.54121075   0.00068099   0.25461143 214.11227868
311.63169087   6.54121075   0.00068099   0.25544385 216.68993350
311.93169087   6.54121075   0.00068099   0.25544385 216.68993350
311.93169087   6.54121075   0.00068099   0.25627626 219.26758832
312.23169087   6.54121075   0.00068099   0.25627626 219.26758832
312.23169087   6.54121075   0.00068099   0.25710867 221.84524314
312.53169087   6.54121075   0.00068099   0.25710867 221.84524314
312.53169087   6.54121075   0.00068099   0.25794109 224.42289796
312.63971361   6.54121075   0.00068099   0.25794109 224.42289796
312.63971361   3.65861682   0.00082837   1.09996056 204.54431376
341.41054641   3.65861682   0.00082837   1.09996056 204.54431376
341.41054641   6.54121075   0.00068099   0.25994508 248.08729960
341.71054641   6.54121075   0.00068099   0.25994508 248.08729960
341.71054641   6.54121075   0.00068099   0.25846106 240.24211827
342.01054641   6.54121075   0.00068099   0.25846106 240.24211827
342.01054641   6.54121075   0.00068099   0.25697704 232.39693694
342.31054641   6.54121075   0.00068099   0.25697704 232.39693694
342.31054641   6.54121075   0.00068099   0.25549302 224.55175560
342.61054641   6.54121075   0.00068099   0.25549302 224.55175560
342.61054641   6.54121075   0.00068099   0.25400900 216.70657427
342.91054641   6.54121075   0.00068099   0.25400900 216.70657427
342.91054641   6.54121075   0.00068099   0.25252498 208.86139294
343.21054641   6.54121075   0.00068099   0.25252498 208.86139294
343.21054641   6.54121075   0.00068099   0.25104096 201.01621160
343.51054641   6.54121075   0.00068099   0.25104096 201.01621160
343.51054641   6.54121075   0.00068099   0.24955694 193.17103027
343.81054641   6.54121075   0.00068099   0.24955694 193.17103027
343.81054641   6.54121075   0.00068099   0.24807292 185.32584894
344.11054641   6.54121075   0.00068099   0.24807292 185.32584894
344.11054641   6.54121075   0.00068099   0.24658891 177.48066761
344.41054641   6.54121075   0.00068099   0.24658891 177.48066761
344.41054641   6.54121075   0.00068099   0.24510489 169.63548627
344.71054641   6.54121075   0.00068099   0.24510489 169.63548627
344.71054641   6.54121075   0.00068099   0.24362087 161.79030494
345.01054641   6.54121075   0.00068099   0.24362087 161.79030494
345.01054641   6.54121075   0.00068099   0.24213685 153.94512361
345.31054641   6.54121075   0.00068099   0.24213685 153.94512361
345.31054641   6.54121075   0.00068099   0.24065283 146.09994227
345.61054641   6.54121075   0.00068099   0.24065283 146.09994227
345.61054641   6.54121075   0.00068099   0.23916881 138.25476094
345.91054641   6.54121075   0.00068099   0.23916881 138.25476094
345.91054641   6.54121075   0.00068099   0.23768479 130.40957961
345.91064745   6.54121075   0.00068099   0.23768479 130.40957961
345.91064745   3.65861682   0.00082837   1.02993994 204.89904986
370.91418285   3.65861682   0.00082837   1.02993994 204.89904986
370.91418285   6.54121075   0.00068099   0.24296673   0.65443041
371.21418285   6.54121075   0.00068099   0.24296673   0.65443041
371.21418285   6.54121075   0.00068099   0.24225745   0.76165288
371.51418285   6.54121075   0.00068099   0.24225745   0.76165288
371.51418285   6.54121075   0.00068099   0.24154816   0.86887535
371.81418285   6.54121075   0.00068099   0.24154816   0.86887535
371.81418285   6.54121075   0.00068099   0.24083888   0.97609783
372.11418285   6.54121075   0.00068099   0.24083888   0.97609783
372.11418285   6.54121075   0.00068099   0.24012959   1.08332030
372.41418285   6.54121075   0.00068099   0.24012959   1.08332030
372.41418285   6.54121075   0.00068099   0.23942031   1.19054277
372.71418285   6.54121075   0.00068099   0.23942031   1.19054277
372.71418285   6.54121075   0.00068099   0.23871102   1.29776524
373.01418285   6.54121075   0.00068099   0.23871102   1.29776524
373.01418285   6.54121075   0.00068099   0.23800173   1.40498772
373.31418285   6.54121075   0.00068099   0.23800173   1.40498772
373.31418285   6.54121075   0.00068099   0.23729245   1.51221019
373.61418285   6.54121075   0.00068099   0.23729245   1.51221019
373.61418285   6.54121075   0.00068099   0.23658316   1.61943266
373.91418285   6.54121075   0.00068099   0.23658316   1.61943266
373.91418285   6.54121075   0.00068099   0.23587388   1.72665513
374.21418285   6.54121075   0.00068099   0.23587388   1.72665513
374.21418285   6.54121075   0.00068099   0.23516459   1.83387761
374.51418285   6.54121075   0.00068099   0.23516459   1.83387761
374.51418285   6.54121075   0.00068099   0.23445531   1.94110008
374.81418285   6.54121075   0.00068099   0.23445531   1.94110008
374.81418285   6.54121075   0.00068099   0.23374602   2.04832255
375.11418285   6.54121075   0.00068099   0.23374602   2.04832255
375.11418285   6.54121075   0.00068099   0.23303674   2.15554503
375.41418285   6.54121075   0.00068099   0.23303674   2.15554503
375.41418285   6.54121075   0.00068099   0.23232745   2.26276750
375.71418285   6.54121075   0.00068099   0.23232745   2.26276750
375.71418285   6.54121075   0.00068099   0.23161816   2.36998997
376.01418285   6.54121075   0.00068099   0.23161816   2.36998997
376.01418285   6.54121075   0.00068099   0.23090888   2.47721244
376.31417480   6.54121075   0.00068099   0.23090888   2.47721244
376.31417480   3.65861682   0.00082837   1.13994486 336.58626570
419.92073679   3.65861682   0.00082837   1.13994486 336.58626570
419.92073679   6.54121075   0.00068099   0.23998393   0.01606408
420.22073679   6.54121075   0.00068099   0.23998393   0.01606408
420.22073679   6.54121075   0.00068099   0.24028554  35.49885577
420.52073679   6.54121075   0.00068099   0.24028554  35.49885577
420.52073679   6.54121075   0.00068099   0.24058714  70.98164745
420.82073679   6.54121075   0.00068099   0.24058714  70.98164745
420.82073679   6.54121075   0.00068099   0.24088875 106.46443913
421.12073679   6.54121075   0.00068099   0.24088875 106.46443913
421.12073679   6.54121075   0.00068099   0.24119035 141.94723082
421.42073679   6.54121075   0.00068099   0.24119035 141.94723082
421.42073679   6.54121075   0.00068099   0.24149196 177.43002250
421.72073679   6.54121075   0.00068099   0.24149196 177.43002250
421.72073679   6.54121075   0.00068099   0.24179356 212.91281419
422.02073679   6.54121075   0.00068099   0.24179356 212.91281419
422.02073679   6.54121075   0.00068099   0.24209516 248.39560587
422.32073679   6.54121075   0.00068099   0.24209516 248.39560587
422.32073679   6.54121075   0.00068099   0.24239677 283.87839755
422.62073679   6.54121075   0.00068099   0.24239677 283.87839755
422.62073679   6.54121075   0.00068099   0.24269837 319.36118924
422.92073679   6.54121075   0.00068099   0.24269837 319.36118924
422.92073679   6.54121075   0.00068099   0.24299998 354.84398092
423.11917671   6.54121075   0.00068099   0.24299998 354.84398092
423.11917671   3.65861682   0.00082837   1.04998152 338.37748365
462.55674899   3.65861682   0.00082837   1.04998152 338.37748365
462.55674899   6.54121075   0.00068099   0.25102325 358.85017904
462.85674899   6.54121075   0.00068099   0.25102325 358.85017904
462.85674899   6.54121075   0.00068099   0.25049045 358.84393275
463.15674899   6.54121075   0.00068099   0.25049045 358.84393275
463.15674899   6.54121075   0.00068099   0.24995765 358.83768647
463.45674899   6.54121075   0.00068099   0.24995765 358.83768647
463.45674899   6.54121075   0.00068099   0.24942486 358.83144018
463.75674899   6.54121075   0.00068099   0.24942486 358.83144018
463.75674899   6.54121075   0.00068099   0.24889206 358.82519390
464.05674899   6.54121075   0.00068099   0.24889206 358.82519390
464.05674899   6.54121075   0.00068099   0.24835926 358.81894761
464.35674899   6.54121075   0.00068099   0.24835926 358.81894761
464.35674899   6.54121075   0.00068099   0.24782646 358.81270132
464.65674899   6.54121075   0.00068099   0.24782646 358.81270132
464.65674899   6.54121075   0.00068099   0.24729366 358.80645504
464.95674899   6.54121075   0.00068099   0.24729366 358.80645504
464.95674899   6.54121075   0.00068099   0.24676087 358.80020875
465.25674899   6.54121075   0.00068099   0.24676087 358.80020875
465.25674899   6.54121075   0.00068099   0.24622807 358.79396247
465.55674899   6.54121075   0.00068099   0.24622807 358.79396247
465.55674899   6.54121075   0.00068099   0.24569527 358.78771618
465.85674899   6.54121075   0.00068099   0.24569527 358.78771618
465.85674899   6.54121075   0.00068099   0.24516247 358.78146989
466.15674899   6.54121075   0.00068099   0.24516247 358.78146989
466.15674899   6.54121075   0.00068099   0.24462968 358.77522361
466.45674899   6.54121075   0.00068099   0.24462968 358.77522361
466.45674899   6.54121075   0.00068099   0.24409688 358.76897732
466.75674899   6.54121075   0.00068099   0.24409688 358.76897732
466.75674899   6.54121075   0.00068099   0.24356408 358.76273104
467.05674899   6.54121075   0.00068099   0.24356408 358.76273104
467.05674899   6.54121075   0.00068099   0.24303128 358.75648475
467.35674899   6.54121075   0.00068099   0.24303128 358.75648475
467.35674899   6.54121075   0.00068099   0.24249848 358.75023847
467.65674899   6.54121075   0.00068099   0.24249848 358.75023847
467.65674899   6.54121075   0.00068099   0.24196569 358.74399218
467.95674899   6.54121075   0.00068099   0.24196569 358.74399218
467.95674899   6.54121075   0.00068099   0.24143289 358.73774589
468.25674899   6.54121075   0.00068099   0.24143289 358.73774589
468.25674899   6.54121075   0.00068099   0.24090009 358.73149961
468.55674899   6.54121075   0.00068099   0.24090009 358.73149961
468.55674899   6.54121075   0.00068099   0.24036729 358.72525332
468.85674899   6.54121075   0.00068099   0.24036729 358.72525332
468.85674899   6.54121075   0.00068099   0.23983449 358.71900704
469.15674899   6.54121075   0.00068099   0.23983449 358.71900704
469.15674899   6.54121075   0.00068099   0.23930170 358.71276075
469.45674899   6.54121075   0.00068099   0.23930170 358.71276075
469.45674899   6.54121075   0.00068099   0.23876890 358.70651446
469.75674899   6.54121075   0.00068099   0.23876890 358.70651446
469.75674899   6.54121075   0.00068099   0.23823610 358.70026818
470.05674899   6.54121075   0.00068099   0.23823610 358.70026818
470.05674899   6.54121075   0.00068099   0.23770330 358.69402189
470.35674899   6.54121075   0.00068099   0.23770330 358.69402189
470.35674899   6.54121075   0.00068099   0.23717050 358.68777561
470.65674899   6.54121075   0.00068099   0.23717050 358.68777561
470.65674899   6.54121075   0.00068099   0.23663771 358.68152932
470.95674899   6.54121075   0.00068099   0.23663771 358.68152932
470.95674899   6.54121075   0.00068099   0.23610491 358.67528304
471.25674899   6.54121075   0.00068099   0.23610491 358.67528304
471.25674899   6.54121075   0.00068099   0.23557211 358.66903675
471.55674899   6.54121075   0.00068099   0.23557211 358.66903675
471.55674899   6.54121075   0.00068099   0.23503931 358.66279046
471.85674899   6.54121075   0.00068099   0.23503931 358.66279046
471.85674899   6.54121075   0.00068099   0.23450652 358.65654418
472.15674899   6.54121075   0.00068099   0.23450652 358.65654418
472.15674899   6.54121075   0.00068099   0.23397372 358.65029789
472.45674899   6.54121075   0.00068099   0.23397372 358.65029789
472.45674899   6.54121075   0.00068099   0.23344092 358.64405161
472.75674899   6.54121075   0.00068099   0.23344092 358.64405161
472.75674899   6.54121075   0.00068099   0.23290812 358.63780532
473.05674899   6.54121075   0.00068099   0.23290812 358.63780532
473.05674899   6.54121075   0.00068099   0.23237532 358.63155903
473.35674899   6.54121075   0.00068099   0.23237532 358.63155903
473.35674899   6.54121075   0.00068099   0.23184253 358.62531275
473.65674899   6.54121075   0.00068099   0.23184253 358.62531275
473.65674899   6.54121075   0.00068099   0.23130973 358.61906646
473.95674899   6.54121075   0.00068099   0.23130973 358.61906646
473.95674899   6.54121075   0.00068099   0.23077693 358.61282018
474.25674899   6.54121075   0.00068099   0.23077693 358.61282018
474.25674899   6.54121075   0.00068099   0.23024413 358.60657389
474.55674899   6.54121075   0.00068099   0.23024413 358.60657389
474.55674899   6.54121075   0.00068099   0.22971133 358.60032761
474.85674899   6.54121075   0.00068099   0.22971133 358.60032761
474.85674899   6.54121075   0.00068099   0.22917854 358.59408132
475.15674899   6.54121075   0.00068099   0.22917854 358.59408132
475.15674899   6.54121075   0.00068099   0.22864574 358.58783503
475.45674899   6.54121075   0.00068099   0.22864574 358.58783503
475.45674899   6.54121075   0.00068099   0.22811294 358.58158875
475.75674899   6.54121075   0.00068099   0.22811294 358.58158875
475.75674899   6.54121075   0.00068099   0.22758014 358.57534246
476.05674899   6.54121075   0.00068099   0.22758014 358.57534246
476.05674899   6.54121075   0.00068099   0.22704734 358.56909618
476.16177061   6.54121075   0.00068099   0.22704734 358.56909618
476.16177061   3.65861682   0.00082837   0.81001057 358.95911047
507.06232210   3.65861682   0.00082837   0.81001057 358.95911047
507.06232210   6.54121075   0.00068099   0.23944465 358.77792258
507.36232210   6.54121075   0.00068099   0.23944465 358.77792258
507.36232210   6.54121075   0.00068099   0.23922923 358.78094919
507.66232210   6.54121075   0.00068099   0.23922923 358.78094919
507.66232210   6.54121075   0.00068099   0.23901382 358.78397581
507.96232210   6.54121075   0.00068099   0.23901382 358.78397581
507.96232210   6.54121075   0.00068099   0.23879841 358.78700242
508.26232210   6.54121075   0.00068099   0.23879841 358.78700242
508.26232210   6.54121075   0.00068099   0.23858299 358.79002904
508.56232210   6.54121075   0.00068099   0.23858299 358.79002904
508.56232210   6.54121075   0.00068099   0.23836758 358.79305565
508.86232210   6.54121075   0.00068099   0.23836758 358.79305565
508.86232210   6.54121075   0.00068099   0.23815217 358.79608227
509.16232210   6.54121075   0.00068099   0.23815217 358.79608227
509.16232210   6.54121075   0.00068099   0.23793676 358.79910889
509.46232210   6.54121075   0.00068099   0.23793676 358.79910889
509.46232210   6.54121075   0.00068099   0.23772134 358.80213550
509.76232210   6.54121075   0.00068099   0.23772134 358.80213550
509.76232210   6.54121075   0.00068099   0.23750593 358.80516212
510.06232210   6.54121075   0.00068099   0.23750593 358.80516212
510.06232210   6.54121075   0.00068099   0.23729052 358.80818873
510.36232210   6.54121075   0.00068099   0.23729052 358.80818873
510.36232210   6.54121075   0.00068099   0.23707511 358.81121535
510.66232210   6.54121075   0.00068099   0.23707511 358.81121535
510.66232210   6.54121075   0.00068099   0.23685969 358.81424197
510.96232210   6.54121075   0.00068099   0.23685969 358.81424197
510.96232210   6.54121075   0.00068099   0.23664428 358.81726858
511.26232210   6.54121075   0.00068099   0.23664428 358.81726858
511.26232210   6.54121075   0.00068099   0.23642887 358.82029520
511.56232210   6.54121075   0.00068099   0.23642887 358.82029520
511.56232210   6.54121075   0.00068099   0.23621345 358.82332181
511.86232210   6.54121075   0.00068099   0.23621345 358.82332181
511.86232210   6.54121075   0.00068099   0.23599804 358.82634843
512.16232210   6.54121075   0.00068099   0.23599804 358.82634843
512.16232210   6.54121075   0.00068099   0.23578263 358.82937504
512.46232210   6.54121075   0.00068099   0.23578263 358.82937504
512.46232210   6.54121075   0.00068099   0.23556722 358.83240166
512.76232210   6.54121075   0.00068099   0.23556722 358.83240166
512.76232210   6.54121075   0.00068099   0.23535180 358.83542828
513.06232210   6.54121075   0.00068099   0.23535180 358.83542828
513.06232210   6.54121075   0.00068099   0.23513639 358.83845489
513.36232210   6.54121075   0.00068099   0.23513639 358.83845489
513.36232210   6.54121075   0.00068099   0.23492098 358.84148151
513.66232210   6.54121075   0.00068099   0.23492098 358.84148151
513.66232210   6.54121075   0.00068099   0.23470557 358.84450812
513.96232210   6.54121075   0.00068099   0.23470557 358.84450812
513.96232210   6.54121075   0.00068099   0.23449015 358.84753474
514.26232210   6.54121075   0.00068099   0.23449015 358.84753474
514.26232210   6.54121075   0.00068099   0.23427474 358.85056136
514.56232210   6.54121075   0.00068099   0.23427474 358.85056136
514.56232210   6.54121075   0.00068099   0.23405933 358.85358797
514.86232210   6.54121075   0.00068099   0.23405933 358.85358797
514.86232210   6.54121075   0.00068099   0.23384391 358.85661459
515.16232210   6.54121075   0.00068099   0.23384391 358.85661459
515.16232210   6.54121075   0.00068099   0.23362850 358.85964120
515.46232210   6.54121075   0.00068099   0.23362850 358.85964120
515.46232210   6.54121075   0.00068099   0.23341309 358.86266782
515.76232210   6.54121075   0.00068099   0.23341309 358.86266782
515.76232210   6.54121075   0.00068099   0.23319768 358.86569443
516.06232210   6.54121075   0.00068099   0.23319768 358.86569443
516.06232210   6.54121075   0.00068099   0.23298226 358.86872105
516.36232210   6.54121075   0.00068099   0.23298226 358.86872105
516.36232210   6.54121075   0.00068099   0.23276685 358.87174767
516.66232210   6.54121075   0.00068099   0.23276685 358.87174767
516.66232210   6.54121075   0.00068099   0.23255144 358.87477428
516.96232210   6.54121075   0.00068099   0.23255144 358.87477428
516.96232210   6.54121075   0.00068099   0.23233602 358.87780090
517.26232210   6.54121075   0.00068099   0.23233602 358.87780090
517.26232210   6.54121075   0.00068099   0.23212061 358.88082751
517.56232210   6.54121075   0.00068099   0.23212061 358.88082751
517.56232210   6.54121075   0.00068099   0.23190520 358.88385413
517.86232210   6.54121075   0.00068099   0.23190520 358.88385413
517.86232210   6.54121075   0.00068099   0.23168979 358.88688075
518.16232210   6.54121075   0.00068099   0.23168979 358.88688075
518.16232210   6.54121075   0.00068099   0.23147437 358.88990736
518.46232210   6.54121075   0.00068099   0.23147437 358.88990736
518.46232210   6.54121075   0.00068099   0.23125896 358.89293398
518.76232210   6.54121075   0.00068099   0.23125896 358.89293398
518.76232210   6.54121075   0.00068099   0.23104355 358.89596059
519.06232210   6.54121075   0.00068099   0.23104355 358.89596059
519.06232210   6.54121075   0.00068099   0.23082814 358.89898721
519.36232210   6.54121075   0.00068099   0.23082814 358.89898721
519.36232210   6.54121075   0.00068099   0.23061272 358.90201382
519.66232210   6.54121075   0.00068099   0.23061272 358.90201382
519.66232210   6.54121075   0.00068099   0.23039731 358.90504044
519.96232210   6.54121075   0.00068099   0.23039731 358.90504044
519.96232210   6.54121075   0.00068099   0.23018190 358.90806706
520.26232210   6.54121075   0.00068099   0.23018190 358.90806706
520.26232210   6.54121075   0.00068099   0.22996648 358.91109367
520.56232210   6.54121075   0.00068099   0.22996648 358.91109367
520.56232210   6.54121075   0.00068099   0.22975107 358.91412029
520.86232210   6.54121075   0.00068099   0.22975107 358.91412029
520.86232210   6.54121075   0.00068099   0.22953566 358.91714690
521.16232210   6.54121075   0.00068099   0.22953566 358.91714690
521.16232210   6.54121075   0.00068099   0.22932025 358.92017352
521.46232210   6.54121075   0.00068099   0.22932025 358.92017352
521.46232210   6.54121075   0.00068099   0.22910483 358.92320014
521.76232210   6.54121075   0.00068099   0.22910483 358.92320014
521.76232210   6.54121075   0.00068099   0.22888942 358.92622675
522.06232210   6.54121075   0.00068099   0.22888942 358.92622675
522.06232210   6.54121075   0.00068099   0.22867401 358.92925337
522.36232210   6.54121075   0.00068099   0.22867401 358.92925337
522.36232210   6.54121075   0.00068099   0.22845860 358.93227998
522.66232210   6.54121075   0.00068099   0.22845860 358.93227998
522.66232210   6.54121075   0.00068099   0.22824318 358.93530660
522.96232210   6.54121075   0.00068099   0.22824318 358.93530660
522.96232210   6.54121075   0.00068099   0.22802777 358.93833322
523.26232210   6.54121075   0.00068099   0.22802777 358.93833322
523.26232210   6.54121075   0.00068099   0.22781236 358.94135983
523.56232210   6.54121075   0.00068099   0.22781236 358.94135983
523.56232210   6.54121075   0.00068099   0.22759694 358.94438645
523.86232210   6.54121075   0.00068099   0.22759694 358.94438645
523.86232210   6.54121075   0.00068099   0.22738153 358.94741306
524.16232210   6.54121075   0.00068099   0.22738153 358.94741306
524.16232210   6.54121075   0.00068099   0.22716612 358.95043968
524.46232210   6.54121075   0.00068099   0.22716612 358.95043968
524.46232210   6.54121075   0.00068099   0.22695071 358.95346629
524.76232210   6.54121075   0.00068099   0.22695071 358.95346629
524.76232210   6.54121075   0.00068099   0.22673529 358.95649291
525.06232210   6.54121075   0.00068099   0.22673529 358.95649291
525.06232210   6.54121075   0.00068099   0.22651988 358.95951953
525.36232210   6.54121075   0.00068099   0.22651988 358.95951953
525.36232210   6.54121075   0.00068099   0.22630447 358.96254614
525.66232210   6.54121075   0.00068099   0.22630447 358.96254614
525.66232210   6.54121075   0.00068099   0.22608906 358.96557276
525.96232210   6.54121075   0.00068099   0.22608906 358.96557276
525.96232210   6.54121075   0.00068099   0.22587364 358.96859937
526.26232210   6.54121075   0.00068099   0.22587364 358.96859937
526.26232210   6.54121075   0.00068099   0.22565823 358.97162599
526.56232210   6.54121075   0.00068099   0.22565823 358.97162599
526.56232210   6.54121075   0.00068099   0.22544282 358.97465261
526.86232210   6.54121075   0.00068099   0.22544282 358.97465261
526.86232210   6.54121075   0.00068099   0.22522740 358.97767922
527.16232210   6.54121075   0.00068099   0.22522740 358.97767922
527.16232210   6.54121075   0.00068099   0.22501199 358.98070584
527.28534539   6.54121075   0.00068099   0.22501199 358.98070584
527.28534539   3.65861682   0.00082837   0.88010556 358.99928922
559.74311554   3.65861682   0.00082837   0.88010556 358.99928922
559.74311554   6.54121075   0.00068099   0.21820421 358.91377075
560.04311554   6.54121075   0.00068099   0.21820421 358.91377075
560.04311554   6.54121075   0.00068099   0.21832417 358.90952622
560.34311554   6.54121075   0.00068099   0.21832417 358.90952622
560.34311554   6.54121075   0.00068099   0.21844413 358.90528168
560.64311554   6.54121075   0.00068099   0.21844413 358.90528168
560.64311554   6.54121075   0.00068099   0.21856409 358.90103714
560.94311554   6.54121075   0.00068099   0.21856409 358.90103714
560.94311554   6.54121075   0.00068099   0.21868405 358.89679260
561.24311554   6.54121075   0.00068099   0.21868405 358.89679260
561.24311554   6.54121075   0.00068099   0.21880401 358.89254806
561.54311554   6.54121075   0.00068099   0.21880401 358.89254806
561.54311554   6.54121075   0.00068099   0.21892397 358.88830352
561.84311554   6.54121075   0.00068099   0.21892397 358.88830352
561.84311554   6.54121075   0.00068099   0.21904393 358.88405899
562.14311554   6.54121075   0.00068099   0.21904393 358.88405899
562.14311554   6.54121075   0.00068099   0.21916389 358.87981445
562.44311554   6.54121075   0.00068099   0.21916389 358.87981445
562.44311554   6.54121075   0.00068099   0.21928386 358.87556991
562.74311554   6.54121075   0.00068099   0.21928386 358.87556991
562.74311554   6.54121075   0.00068099   0.21940382 358.87132537
563.04311554   6.54121075   0.00068099   0.21940382 358.87132537
563.04311554   6.54121075   0.00068099   0.21952378 358.86708083
563.34311554   6.54121075   0.00068099   0.21952378 358.86708083
563.34311554   6.54121075   0.00068099   0.21964374 358.86283630
563.64311554   6.54121075   0.00068099   0.21964374 358.86283630
563.64311554   6.54121075   0.00068099   0.21976370 358.85859176
563.94311554   6.54121075   0.00068099   0.21976370 358.85859176
563.94311554   6.54121075   0.00068099   0.21988366 358.85434722
564.24311554   6.54121075   0.00068099   0.21988366 358.85434722
564.24311554   6.54121075   0.00068099   0.22000362 358.85010268
564.54311554   6.54121075   0.00068099   0.22000362 358.85010268
564.54311554   6.54121075   0.00068099   0.22012358 358.84585814
564.84311554   6.54121075   0.00068099   0.22012358 358.84585814
564.84311554   6.54121075   0.00068099   0.22024354 358.84161360
565.14311554   6.54121075   0.00068099   0.22024354 358.84161360
565.14311554   6.54121075   0.00068099   0.22036350 358.83736907
565.44311554   6.54121075   0.00068099   0.22036350 358.83736907
565.44311554   6.54121075   0.00068099   0.22048346 358.83312453
565.74311554   6.54121075   0.00068099   0.22048346 358.83312453
565.74311554   6.54121075   0.00068099   0.22060342 358.82887999
566.04311554   6.54121075   0.00068099   0.22060342 358.82887999
566.04311554   6.54121075   0.00068099   0.22072338 358.82463545
566.34311554   6.54121075   0.00068099   0.22072338 358.82463545
566.34311554   6.54121075   0.00068099   0.22084334 358.82039091
566.64311554   6.54121075   0.00068099   0.22084334 358.82039091
566.64311554   6.54121075   0.00068099   0.22096330 358.81614637
566.94311554   6.54121075   0.00068099   0.22096330 358.81614637
566.94311554   6.54121075   0.00068099   0.22108326 358.81190184
567.24311554   6.54121075   0.00068099   0.22108326 358.81190184
567.24311554   6.54121075   0.00068099   0.22120322 358.80765730
567.54311554   6.54121075   0.00068099   0.22120322 358.80765730
567.54311554   6.54121075   0.00068099   0.22132318 358.80341276
567.84311554   6.54121075   0.00068099   0.22132318 358.80341276
567.84311554   6.54121075   0.00068099   0.22144314 358.79916822
568.14311554   6.54121075   0.00068099   0.22144314 358.79916822
568.14311554   6.54121075   0.00068099   0.22156310 358.79492368
568.44311554   6.54121075   0.00068099   0.22156310 358.79492368
568.44311554   6.54121075   0.00068099   0.22168306 358.79067915
568.74311554   6.54121075   0.00068099   0.22168306 358.79067915
568.74311554   6.54121075   0.00068099   0.22180302 358.78643461
569.04311554   6.54121075   0.00068099   0.22180302 358.78643461
569.04311554   6.54121075   0.00068099   0.22192298 358.78219007
569.34311554   6.54121075   0.00068099   0.22192298 358.78219007
569.34311554   6.54121075   0.00068099   0.22204294 358.77794553
569.64311554   6.54121075   0.00068099   0.22204294 358.77794553
569.64311554   6.54121075   0.00068099   0.22216290 358.77370099
569.94311554   6.54121075   0.00068099   0.22216290 358.77370099
569.94311554   6.54121075   0.00068099   0.22228286 358.76945645
570.24311554   6.54121075   0.00068099   0.22228286 358.76945645
570.24311554   6.54121075   0.00068099   0.22240282 358.76521192
570.54311554   6.54121075   0.00068099   0.22240282 358.76521192
570.54311554   6.54121075   0.00068099   0.22252278 358.76096738
570.84311554   6.54121075   0.00068099   0.22252278 358.76096738
570.84311554   6.54121075   0.00068099   0.22264274 358.75672284
571.14311554   6.54121075   0.00068099   0.22264274 358.75672284
571.14311554   6.54121075   0.00068099   0.22276271 358.75247830
571.44311554   6.54121075   0.00068099   0.22276271 358.75247830
571.44311554   6.54121075   0.00068099   0.22288267 358.74823376
571.74311554   6.54121075   0.00068099   0.22288267 358.74823376
571.74311554   6.54121075   0.00068099   0.22300263 358.74398923
572.04311554   6.54121075   0.00068099   0.22300263 358.74398923
572.04311554   6.54121075   0.00068099   0.22312259 358.73974469
572.34311554   6.54121075   0.00068099   0.22312259 358.73974469
572.34311554   6.54121075   0.00068099   0.22324255 358.73550015
572.64311554   6.54121075   0.00068099   0.22324255 358.73550015
572.64311554   6.54121075   0.00068099   0.22336251 358.73125561
572.94311554   6.54121075   0.00068099   0.22336251 358.73125561
572.94311554   6.54121075   0.00068099   0.22348247 358.72701107
573.24311554   6.54121075   0.00068099   0.22348247 358.72701107
573.24311554   6.54121075   0.00068099   0.22360243 358.72276653
573.54311554   6.54121075   0.00068099   0.22360243 358.72276653
573.54311554   6.54121075   0.00068099   0.22372239 358.71852200
573.84311554   6.54121075   0.00068099   0.22372239 358.71852200
573.84311554   6.54121075   0.00068099   0.22384235 358.71427746
574.14311554   6.54121075   0.00068099   0.22384235 358.71427746
574.14311554   6.54121075   0.00068099   0.22396231 358.71003292
574.44311554   6.54121075   0.00068099   0.22396231 358.71003292
574.44311554   6.54121075   0.00068099   0.22408227 358.70578838
574.74311554   6.54121075   0.00068099   0.22408227 358.70578838
574.74311554   6.54121075   0.00068099   0.22420223 358.70154384
575.04311554   6.54121075   0.00068099   0.22420223 358.70154384
575.04311554   6.54121075   0.00068099   0.22432219 358.69729931
575.34311554   6.54121075   0.00068099   0.22432219 358.69729931
575.34311554   6.54121075   0.00068099   0.22444215 358.69305477
575.64311554   6.54121075   0.00068099   0.22444215 358.69305477
575.64311554   6.54121075   0.00068099   0.22456211 358.68881023
575.94311554   6.54121075   0.00068099   0.22456211 358.68881023
575.94311554   6.54121075   0.00068099   0.22468207 358.68456569
576.24311554   6.54121075   0.00068099   0.22468207 358.68456569
576.24311554   6.54121075   0.00068099   0.22480203 358.68032115
576.54311554   6.54121075   0.00068099   0.22480203 358.68032115
576.54311554   6.54121075   0.00068099   0.22492199 358.67607661
576.84311554   6.54121075   0.00068099   0.22492199 358.67607661
576.84311554   6.54121075   0.00068099   0.22504195 358.67183208
577.14311554   6.54121075   0.00068099   0.22504195 358.67183208
577.14311554   6.54121075   0.00068099   0.22516191 358.66758754
577.44311554   6.54121075   0.00068099   0.22516191 358.66758754
577.44311554   6.54121075   0.00068099   0.22528187 358.66334300
577.74311554   6.54121075   0.00068099   0.22528187 358.66334300
577.74311554   6.54121075   0.00068099   0.22540183 358.65909846
578.04311554   6.54121075   0.00068099   0.22540183 358.65909846
578.04311554   6.54121075   0.00068099   0.22552179 358.65485392
578.34311554   6.54121075   0.00068099   0.22552179 358.65485392
578.34311554   6.54121075   0.00068099   0.22564175 358.65060938
578.64311554   6.54121075   0.00068099   0.22564175 358.65060938
578.64311554   6.54121075   0.00068099   0.22576171 358.64636485
578.94311554   6.54121075   0.00068099   0.22576171 358.64636485
578.94311554   6.54121075   0.00068099   0.22588167 358.64212031
579.24311554   6.54121075   0.00068099   0.22588167 358.64212031
579.24311554   6.54121075   0.00068099   0.22600163 358.63787577
579.54311554   6.54121075   0.00068099   0.22600163 358.63787577
579.54311554   6.54121075   0.00068099   0.22612160 358.63363123
579.84311554   6.54121075   0.00068099   0.22612160 358.63363123
579.84311554   6.54121075   0.00068099   0.22624156 358.62938669
580.14311554   6.54121075   0.00068099   0.22624156 358.62938669
580.14311554   6.54121075   0.00068099   0.22636152 358.62514216
580.44311554   6.54121075   0.00068099   0.22636152 358.62514216
580.44311554   6.54121075   0.00068099   0.22648148 358.62089762
580.74311554   6.54121075   0.00068099   0.22648148 358.62089762
580.74311554   6.54121075   0.00068099   0.22660144 358.61665308
581.04311554   6.54121075   0.00068099   0.22660144 358.61665308
581.04311554   6.54121075   0.00068099   0.22672140 358.61240854
581.34311554   6.54121075   0.00068099   0.22672140 358.61240854
581.34311554   6.54121075   0.00068099   0.22684136 358.60816400
581.64311554   6.54121075   0.00068099   0.22684136 358.60816400
581.64311554   6.54121075   0.00068099   0.22696132 358.60391946
581.94311554   6.54121075   0.00068099   0.22696132 358.60391946
581.94311554   6.54121075   0.00068099   0.22708128 358.59967493
582.24311554   6.54121075   0.00068099   0.22708128 358.59967493
582.24311554   6.54121075   0.00068099   0.22720124 358.59543039
582.54311554   6.54121075   0.00068099   0.22720124 358.59543039
582.54311554   6.54121075   0.00068099   0.22732120 358.59118585
582.84311554   6.54121075   0.00068099   0.22732120 358.59118585
582.84311554   6.54121075   0.00068099   0.22744116 358.58694131
583.14311554   6.54121075   0.00068099   0.22744116 358.58694131
583.14311554   6.54121075   0.00068099   0.22756112 358.58269677
583.44311554   6.54121075   0.00068099   0.22756112 358.58269677
583.44311554   6.54121075   0.00068099   0.22768108 358.57845224
583.74311554   6.54121075   0.00068099   0.22768108 358.57845224
583.74311554   6.54121075   0.00068099   0.22780104 358.57420770
583.87164923   6.54121075   0.00068099   0.22780104 358.57420770
583.87164923   3.65861682   0.00082837   0.88016347 338.87752732
632.86620104   3.65861682   0.00082837   0.88016347 338.87752732
632.86620104   6.54121075   0.00068099   0.24785474 110.57567932
633.16620104   6.54121075   0.00068099   0.24785474 110.57567932
633.16620104   6.54121075   0.00068099   0.24806753 109.30676001
633.46620104   6.54121075   0.00068099   0.24806753 109.30676001
633.46620104   6.54121075   0.00068099   0.24828033 108.03784070
633.76620104   6.54121075   0.00068099   0.24828033 108.03784070
633.76620104   6.54121075   0.00068099   0.24849312 106.76892140
634.06620104   6.54121075   0.00068099   0.24849312 106.76892140
634.06620104   6.54121075   0.00068099   0.24870592 105.50000209
634.36620104   6.54121075   0.00068099   0.24870592 105.50000209
634.36620104   6.54121075   0.00068099   0.24891871 104.23108278
634.66620104   6.54121075   0.00068099   0.24891871 104.23108278
634.66620104   6.54121075   0.00068099   0.24913151 102.96216347
634.96620104   6.54121075   0.00068099   0.24913151 102.96216347
634.96620104   6.54121075   0.00068099   0.24934430 101.69324417
635.26620104   6.54121075   0.00068099   0.24934430 101.69324417
635.26620104   6.54121075   0.00068099   0.24955710 100.42432486
635.56620104   6.54121075   0.00068099   0.24955710 100.42432486
635.56620104   6.54121075   0.00068099   0.24976989  99.15540555
635.86620104   6.54121075   0.00068099   0.24976989  99.15540555
635.86620104   6.54121075   0.00068099   0.24998269  97.88648624
636.16620104   6.54121075   0.00068099   0.24998269  97.88648624
636.16620104   6.54121075   0.00068099   0.25019548  96.61756694
636.46620104   6.54121075   0.00068099   0.25019548  96.61756694
636.46620104   6.54121075   0.00068099   0.25040827  95.34864763
636.76620104   6.54121075   0.00068099   0.25040827  95.34864763
636.76620104   6.54121075   0.00068099   0.25062107  94.07972832
637.06620104   6.54121075   0.00068099   0.25062107  94.07972832
637.06620104   6.54121075   0.00068099   0.25083386  92.81080902
637.36620104   6.54121075   0.00068099   0.25083386  92.81080902
637.36620104   6.54121075   0.00068099   0.25104666  91.54188971
637.66620104   6.54121075   0.00068099   0.25104666  91.54188971
637.66620104   6.54121075   0.00068099   0.25125945  90.27297040
637.96620104   6.54121075   0.00068099   0.25125945  90.27297040
637.96620104   6.54121075   0.00068099   0.25147225  89.00405109
638.26620104   6.54121075   0.00068099   0.25147225  89.00405109
638.26620104   6.54121075   0.00068099   0.25168504  87.73513179
638.56620104   6.54121075   0.00068099   0.25168504  87.73513179
638.56620104   6.54121075   0.00068099   0.25189784  86.46621248
638.86620104   6.54121075   0.00068099   0.25189784  86.46621248
638.86620104   6.54121075   0.00068099   0.25211063  85.19729317
639.16620104   6.54121075   0.00068099   0.25211063  85.19729317
639.16620104   6.54121075   0.00068099   0.25232343  83.92837386
639.46620104   6.54121075   0.00068099   0.25232343  83.92837386
639.46620104   6.54121075   0.00068099   0.25253622  82.65945456
639.76620104   6.54121075   0.00068099   0.25253622  82.65945456
639.76620104   6.54121075   0.00068099   0.25274902  81.39053525
640.06620104   6.54121075   0.00068099   0.25274902  81.39053525
640.06620104   6.54121075   0.00068099   0.25296181  80.12161594
640.36620104   6.54121075   0.00068099   0.25296181  80.12161594
640.36620104   6.54121075   0.00068099   0.25317460  78.85269664
640.66620104   6.54121075   0.00068099   0.25317460  78.85269664
640.66620104   6.54121075   0.00068099   0.25338740  77.58377733
640.96620104   6.54121075   0.00068099   0.25338740  77.58377733
640.96620104   6.54121075   0.00068099   0.25360019  76.31485802
641.26620104   6.54121075   0.00068099   0.25360019  76.31485802
641.26620104   6.54121075   0.00068099   0.25381299  75.04593871
641.56620104   6.54121075   0.00068099   0.25381299  75.04593871
641.56620104   6.54121075   0.00068099   0.25402578  73.77701941
641.86620104   6.54121075   0.00068099   0.25402578  73.77701941
641.86620104   6.54121075   0.00068099   0.25423858  72.50810010
642.16620104   6.54121075   0.00068099   0.25423858  72.50810010
642.16620104   6.54121075   0.00068099   0.25445137  71.23918079
642.46620104   6.54121075   0.00068099   0.25445137  71.23918079
642.46620104   6.54121075   0.00068099   0.25466417  69.97026149
642.76620104   6.54121075   0.00068099   0.25466417  69.97026149
642.76620104   6.54121075   0.00068099   0.25487696  68.70134218
643.06620104   6.54121075   0.00068099   0.25487696  68.70134218
643.06620104   6.54121075   0.00068099   0.25508976  67.43242287
643.36620104   6.54121075   0.00068099   0.25508976  67.43242287
643.36620104   6.54121075   0.00068099   0.25530255  66.16350356
643.66620104   6.54121075   0.00068099   0.25530255  66.16350356
643.66620104   6.54121075   0.00068099   0.25551535  64.89458426
643.96620104   6.54121075   0.00068099   0.25551535  64.89458426
643.96620104   6.54121075   0.00068099   0.25572814  63.62566495
644.26620104   6.54121075   0.00068099   0.25572814  63.62566495
644.26620104   6.54121075   0.00068099   0.25594093  62.35674564
644.56620104   6.54121075   0.00068099   0.25594093  62.35674564
644.56620104   6.54121075   0.00068099   0.25615373  61.08782633
644.86620104   6.54121075   0.00068099   0.25615373  61.08782633
644.86620104   6.54121075   0.00068099   0.25636652  59.81890703
645.16620104   6.54121075   0.00068099   0.25636652  59.81890703
645.16620104   6.54121075   0.00068099   0.25657932  58.54998772
645.46620104   6.54121075   0.00068099   0.25657932  58.54998772
645.46620104   6.54121075   0.00068099   0.25679211  57.28106841
645.76620104   6.54121075   0.00068099   0.25679211  57.28106841
645.76620104   6.54121075   0.00068099   0.25700491  56.01214911
646.06620104   6.54121075   0.00068099   0.25700491  56.01214911
646.06620104   6.54121075   0.00068099   0.25721770  54.74322980
646.36620104   6.54121075   0.00068099   0.25721770  54.74322980
646.36620104   6.54121075   0.00068099   0.25743050  53.47431049
646.66620104   6.54121075   0.00068099   0.25743050  53.47431049
646.66620104   6.54121075   0.00068099   0.25764329  52.20539118
646.96620104   6.54121075   0.00068099   0.25764329  52.20539118
646.96620104   6.54121075   0.00068099   0.25785609  50.93647188
647.26620104   6.54121075   0.00068099   0.25785609  50.93647188
647.26620104   6.54121075   0.00068099   0.25806888  49.66755257
647.56620104   6.54121075   0.00068099   0.25806888  49.66755257
647.56620104   6.54121075   0.00068099   0.25828168  48.39863326
647.86620104   6.54121075   0.00068099   0.25828168  48.39863326
647.86620104   6.54121075   0.00068099   0.25849447  47.12971395
648.16620104   6.54121075   0.00068099   0.25849447  47.12971395
648.16620104   6.54121075   0.00068099   0.25870726  45.86079465
648.46620104   6.54121075   0.00068099   0.25870726  45.86079465
648.46620104   6.54121075   0.00068099   0.25892006  44.59187534
648.47411652   6.54121075   0.00068099   0.25892006  44.59187534
648.47411652   3.65861682   0.00082837   1.02998260 358.97332844
680.39502500   3.65861682   0.00082837   1.02998260 358.97332844
680.39502500   6.54121075   0.00068099   0.24299162  99.35298455
680.69502500   6.54121075   0.00068099   0.24299162  99.35298455
680.69502500   6.54121075   0.00068099   0.24281052 122.92266525
680.99502500   6.54121075   0.00068099   0.24281052 122.92266525
680.99502500   6.54121075   0.00068099   0.24262943 146.49234596
681.29502500   6.54121075   0.00068099   0.24262943 146.49234596
681.29502500   6.54121075   0.00068099   0.24244834 170.06202666
681.59502500   6.54121075   0.00068099   0.24244834 170.06202666
681.59502500   6.54121075   0.00068099   0.24226724 193.63170737
681.89502500   6.54121075   0.00068099   0.24226724 193.63170737
681.89502500   6.54121075   0.00068099   0.24208615 217.20138807
682.19502500   6.54121075   0.00068099   0.24208615 217.20138807
682.19502500   6.54121075   0.00068099   0.24190505 240.77106878
682.49502500   6.54121075   0.00068099   0.24190505 240.77106878
682.49502500   6.54121075   0.00068099   0.24172396 264.34074948
682.79502500   6.54121075   0.00068099   0.24172396 264.34074948
682.79502500   6.54121075   0.00068099   0.24154287 287.91043019
683.09502500   6.54121075   0.00068099   0.24154287 287.91043019
683.09502500   6.54121075   0.00068099   0.24136177 311.48011089
683.39502500   6.54121075   0.00068099   0.24136177 311.48011089
683.39502500   6.54121075   0.00068099   0.24118068 335.04979160
683.69502500   6.54121075   0.00068099   0.24118068 335.04979160
683.69502500   6.54121075   0.00068099   0.24099958 358.61947230
683.79722248   6.54121075   0.00068099   0.24099958 358.61947230
683.79722248   0.00000000   0.00000000   0.00000000 358.61947230
693.79722248   0.00000000   0.00000000   0.00000000 358.61947230
