# intensity: 1
# background: 0
#           Q (1/A)             dQ (1/A)                    R                   dR               theory              fresnel
           0.0126501 0.000371390453759906              1.03465            0.0440185    0.942840517217582    0.954226140808111
           0.0131004 0.000372023045017097              1.02137            0.0391945    0.897744118640879    0.824059183223316
           0.0135667 0.000372700237748796             0.910342            0.0296423    0.790256015550874    0.555784532402827
           0.0140496 0.000373425135751047             0.758628            0.0244261    0.628816706164217    0.317661042682926
           0.0145496 0.000374200856685928             0.519729            0.0176481    0.443811452602825    0.198473441124922
           0.0150675 0.000375031162594583             0.338324            0.0134324    0.274084196700526    0.139067818942818
           0.0156038 0.000375919534000217              0.21987           0.00768307    0.161243633209963    0.103244225452632
           0.0161592 0.000376869963381665             0.145708           0.00581202    0.117167187821592   0.0791521726869527
           0.0167344 0.000377886655294541             0.127088           0.00502866    0.119291823861684   0.0620005278123783
           0.0173301 0.000378974031152318             0.143467           0.00450405    0.137833634745407   0.0493351359621678
           0.0179469 0.000380136541921108             0.152004           0.00453681    0.153956109292021   0.0397369651586233
           0.0185857 0.000381379431328644             0.156856            0.0042573    0.159734947641264   0.0323162510948814
           0.0192473 0.000382708015967705             0.154885           0.00402972    0.153475993582584   0.0264891570265355
           0.0199323 0.000384127447324459             0.144248           0.00338838    0.136625528148077   0.0218576510309215
           0.0206418 0.000385644167338247             0.117145           0.00314398    0.112177793831756   0.0181353594515088
           0.0213765 0.000387264061354822            0.0837319           0.00249447   0.0839626008122842    0.015118461970154
           0.0221374 0.000388993939527628            0.0549127           0.00187555   0.0561367043334818    0.012656225043367
           0.0229254 0.000390840688601298             0.031059           0.00131009   0.0325817835976917   0.0106331068213023
           0.0237414 0.000392811480894149            0.0146533           0.00092695   0.0160761309785037  0.00896174621289035
           0.0245864 0.000394914023679872           0.00666309          0.000773893  0.00743502973290315  0.00757429857676868
           0.0254616 0.000397156851871354           0.00540178          0.000619703   0.0052712391168538   0.0064174244413873
           0.0263679 0.000399548060774302           0.00540374          0.000635038  0.00672884590491747  0.00544937212248629
           0.0273064 0.000402096561710653           0.00740228          0.000659139  0.00879579322156144  0.00463660868474473
           0.0282784 0.000404812149973396           0.00963874          0.000739198  0.00942803597148603  0.00395207214879414
           0.0292849 0.000407704117504042           0.00905411          0.000721481  0.00801709957485606  0.00337409651178009
           0.0303273 0.000410783216162492           0.00569115          0.000653436  0.00521380564799331  0.00288483087389383
           0.0314067  0.00041405965166152           0.00500863          0.000610929  0.00232248873701385  0.00246982368958314
           0.0325246 0.000417545155101885           0.00312471           0.00063585 0.000528365656532762  0.00211704954738553
           0.0336823 0.000421251183777809           0.00265161          0.000617217 0.000281437373446465   0.0018166577333016
           0.0348812 0.000425189814494389           0.00309059          0.000592709  0.00115051428952218  0.00155948523200025
           0.0356161 0.000427653569172135           0.00361559          0.000477982  0.00181139726436339    0.001424860401172
           0.0368838 0.000431989692734352           0.00242305          0.000363088  0.00252371982137736  0.00122655964002691
           0.0381966 0.000436592051431374           0.00185121           0.00026321  0.00238431755998496  0.00105594043248076
           0.0395562  0.00044147481414336           0.00172851          0.000205001  0.00169593327656008 0.000909713877325174
           0.0409642 0.000446652069391954           0.00137157          0.000162035  0.00119770294445104 0.000784265353823759
           0.0424223 0.000452138508447874           0.00162916          0.000143756  0.00133720595836403  0.00067653727405242
           0.0439323 0.000457949430903377            0.0020378          0.000140859  0.00190015838495752 0.000583940912136022
            0.045496 0.000464100350596335           0.00219557           0.00012108  0.00224191793477283 0.000504286218429814
           0.0471154  0.00047060776680922           0.00186467          0.000105115  0.00190294232233225 0.000435707548820092
           0.0487924 0.000477487962897754           0.00121564          7.85795e-05  0.00109818619186298 0.000376625615033666
           0.0505291 0.000484758188809623          0.000672952          5.70407e-05 0.000496151805566437  0.00032569027173721
           0.0523277 0.000492436268543222          0.000615491          4.96283e-05 0.000485660211551881 0.000281753002006687
           0.0541902 0.000500539277867023          0.000820264          4.87523e-05 0.000757085449469712 0.000243824666639251
           0.0561191 0.000509086547524687          0.000782537          4.36062e-05 0.000753785520106752 0.000211074338504466
           0.0581166 0.000518096177260359          0.000491014           3.5373e-05 0.000446224955718324 0.000182779439722133
           0.0601852 0.000527587647659528          0.000364461          2.92354e-05 0.000350365224010701 0.000158322233590134
           0.0623274  0.00053758048052081          0.000699968          3.59757e-05 0.000690641213729412  0.00013717378128889
           0.0645459 0.000548095149255528           0.00103067          3.89982e-05 0.000979178689742104 0.000118878817262626
           0.0668434 0.000559152139043408          0.000719403          3.19446e-05 0.000767662528989089 0.000103046891231732
           0.0692226 0.000570771903755258          0.000395342          2.37661e-05 0.000381092547123589  8.9342541644247e-05
           0.0716865 0.000582976322134786           0.00033879          2.22847e-05 0.000352391860428329 7.74757615505593e-05
           0.0742382 0.000595787750339635          0.000494472          2.57116e-05  0.00050768513608502 6.71969388435618e-05
           0.0768806 0.000609227480087361          0.000417956           2.1973e-05 0.000408406315405899 5.82920052074617e-05
           0.0796171 0.000623319265696007          0.000192831          1.63668e-05 0.000209088879304103 5.05749273250334e-05
            0.082451 0.000638086301686641          0.000176062           1.5413e-05 0.000198384484671374 4.38858621983467e-05
           0.0853858 0.000653552748390581          0.000212785          1.56587e-05 0.000198023623916546 3.80865811359649e-05
            0.088425 0.000669742688383786          0.000103452          1.33091e-05 0.000107366360866102 3.30578874495038e-05
           0.0915724  0.00068668172048313          8.60853e-05          1.32363e-05 9.02638850940241e-05 2.86964702000281e-05
           0.0948319 0.000704395921002316          7.40205e-05          1.26134e-05  8.2504177738774e-05 2.49130960495332e-05
           0.0982073 0.000722910740284908          6.17935e-05          1.27994e-05 3.04298389420881e-05 2.16308206119305e-05
            0.101703  0.00074225484485601          7.71141e-05          1.47307e-05 4.06243595585814e-05 1.87826314226335e-05
            0.105323 0.000762454633250416          5.47858e-05          1.36353e-05 6.63543606324316e-05 1.63109801388047e-05
            0.109072 0.000783540333694561           3.1397e-05          1.20008e-05 3.97118805009125e-05 1.41656546104838e-05
            0.112954 0.000805538173098873           8.7929e-05          1.38914e-05 4.60653944544344e-05 1.23036274139275e-05
            0.116975 0.000828485676738687          0.000156885            1.648e-05 0.000181764747484622 1.06868044974683e-05
            0.121138 0.000852403217608869           0.00019233          1.76611e-05 0.000127981002598621 9.28341089259353e-06
             0.12545 0.000877334037765974          0.000175983          1.78034e-05  0.00011802504407974 8.06458911279916e-06
            0.129915 0.000903304111202087          0.000436051           2.4335e-05 0.000383312087274758 7.00629260350894e-06
             0.13454 0.000930356804349305          0.000381744          2.39811e-05 0.000262364888921553 6.08699974542476e-06
            0.139328 0.000958512070471707          0.000184743          1.80657e-05 0.000178775470742795 5.28884060003869e-06
            0.144288 0.000987825075850055          0.000258457          2.20847e-05 0.000104357852841339 4.59534763824236e-06
            0.149423  0.00101831562772812          0.000208659          2.16254e-05  0.00014566655432471 3.99312787502115e-06
            0.154742  0.00105003906431191          0.000109308          1.83284e-05 4.29374074272892e-05 3.46985618273354e-06
             0.16025   0.0010830270018564          5.12123e-05          1.67548e-05 3.64478134885382e-05 3.01529304787897e-06
            0.165954  0.00111732296881444          1.25682e-05          1.62577e-05 7.00538794981105e-06 2.67701701376649e-06
