#     thickness (A)        interface (A)       rho (1e-6/A^2)      irho (1e-6/A^2)      rhoM (1e-6/A^2)      theta (degrees)
                   0     9.99980195580247     3.53290777610646 0.000343757537218438                    0     265.086891299679
    43.9811842209023     9.99173634137286     3.54682006585199 0.000803059139351531     1.12950386900825     265.086891299679
   0.299999999999997                    0     6.85672983557606 0.000713841040044185    0.304998963661715     277.928944417643
   0.299999999999997                    0     6.85672983557606 0.000713841040044185    0.305317132894482     277.428670349045
   0.299999999999997                    0     6.85672983557606 0.000713841040044185    0.305635302127249     276.928396280447
   0.299999999999997                    0     6.85672983557606 0.000713841040044185    0.305953471360016     276.428122211849
   0.299999999999997                    0     6.85672983557606 0.000713841040044185    0.306271640592782     275.927848143251
   0.299999999999997                    0     6.85672983557606 0.000713841040044185    0.306589809825549     275.427574074654
   0.299999999999997                    0     6.85672983557606 0.000713841040044185    0.306907979058316     274.927300006056
   0.299999999999997                    0     6.85672983557606 0.000713841040044185    0.307226148291083     274.427025937458
   0.299999999999997                    0     6.85672983557606 0.000713841040044185     0.30754431752385      273.92675186886
   0.299999999999997                    0     6.85672983557606 0.000713841040044185    0.307862486756616     273.426477800262
   0.299999999999997                    0     6.85672983557606 0.000713841040044185    0.308180655989383     272.926203731664
   0.299999999999997                    0     6.85672983557606 0.000713841040044185     0.30849882522215     272.425929663066
   0.299999999999997                    0     6.85672983557606 0.000713841040044185    0.308816994454917     271.925655594468
   0.299999999999997                    0     6.85672983557606 0.000713841040044185    0.309135163687684      271.42538152587
   0.299999999999997                    0     6.85672983557606 0.000713841040044185     0.30945333292045     270.925107457273
   0.299999999999997                    0     6.85672983557606 0.000713841040044185    0.309771502153217     270.424833388675
   0.299999999999997                    0     6.85672983557606 0.000713841040044185    0.310089671385984     269.924559320077
   0.299999999999997                    0     6.85672983557606 0.000713841040044185    0.310407840618751     269.424285251479
   0.299999999999997                    0     6.85672983557606 0.000713841040044185    0.310726009851518     268.924011182881
   0.299999999999997                    0     6.85672983557606 0.000713841040044185    0.311044179084284     268.423737114283
   0.299999999999997                    0     6.85672983557606 0.000713841040044185    0.311362348317051     267.923463045685
   0.299999999999997                    0     6.85672983557606 0.000713841040044185    0.311680517549818     267.423188977087
   0.299999999999997                    0     6.85672983557606 0.000713841040044185    0.311998686782585     266.922914908489
   0.299999999999997                    0     6.85672983557606 0.000713841040044185    0.312316856015351     266.422640839892
   0.299999999999997                    0     6.85672983557606 0.000713841040044185    0.312635025248118     265.922366771294
   0.299999999999997                    0     6.85672983557606 0.000713841040044185    0.312953194480885     265.422092702696
   0.299999999999997                    0     6.85672983557606 0.000713841040044185    0.313271363713652     264.921818634098
   0.299999999999997                    0     6.85672983557606 0.000713841040044185    0.313589532946419       264.4215445655
   0.299999999999997                    0     6.85672983557606 0.000713841040044185    0.313907702179185     263.921270496902
   0.299999999999997                    0     6.85672983557606 0.000713841040044185    0.314225871411952     263.420996428304
   0.299999999999997                    0     6.85672983557606 0.000713841040044185    0.314544040644719     262.920722359706
   0.299999999999997                    0     6.85672983557606 0.000713841040044185    0.314862209877486     262.420448291108
   0.299999999999997                    0     6.85672983557606 0.000713841040044185    0.315180379110253     261.920174222511
   0.299999999999997                    0     6.85672983557606 0.000713841040044185    0.315498548343019     261.419900153913
   0.299999999999997                    0     6.85672983557606 0.000713841040044185    0.315816717575786     260.919626085315
   0.299999999999997                    0     6.85672983557606 0.000713841040044185    0.316134886808553     260.419352016717
   0.299999999999997                    0     6.85672983557606 0.000713841040044185     0.31645305604132     259.919077948119
   0.299999999999997                    0     6.85672983557606 0.000713841040044185    0.316771225274087     259.418803879521
   0.299999999999997                    0     6.85672983557606 0.000713841040044185    0.317089394506853     258.918529810923
   0.299999999999997                    0     6.85672983557606 0.000713841040044185     0.31740756373962     258.418255742325
   0.299999999999997                    0     6.85672983557606 0.000713841040044185    0.317725732972387     257.917981673727
   0.299999999999997                    0     6.85672983557606 0.000713841040044185    0.318043902205154      257.41770760513
   0.299999999999997                    0     6.85672983557606 0.000713841040044185    0.318362071437921     256.917433536532
   0.299999999999997                    0     6.85672983557606 0.000713841040044185    0.318680240670687     256.417159467934
   0.265534313431175     8.24777681012659     6.85672983557606 0.000713841040044185    0.318998409903454     255.916885399336
    28.0156100012734     5.85028112545659     3.54682006585199 0.000803059139351531    0.870576250118465 0.000179671415319833
    0.29999999999994                    0     6.85672983557606 0.000713841040044185    0.330993287438234     278.681054689925
   0.299999999999997                    0     6.85672983557606 0.000713841040044185    0.329382514102549     269.175606422799
   0.299999999999997                    0     6.85672983557606 0.000713841040044185    0.327771740766864     259.670158155673
   0.299999999999997                    0     6.85672983557606 0.000713841040044185    0.326160967431179     250.164709888547
   0.299999999999997                    0     6.85672983557606 0.000713841040044185    0.324550194095494     240.659261621421
   0.299999999999997                    0     6.85672983557606 0.000713841040044185    0.322939420759809     231.153813354295
   0.299999999999997                    0     6.85672983557606 0.000713841040044185    0.321328647424124     221.648365087169
   0.299999999999997                    0     6.85672983557606 0.000713841040044185    0.319717874088439     212.142916820043
   0.299999999999997                    0     6.85672983557606 0.000713841040044185    0.318107100752754     202.637468552917
   0.299999999999997                    0     6.85672983557606 0.000713841040044185    0.316496327417069     193.132020285791
   0.299999999999997                    0     6.85672983557606 0.000713841040044185    0.314885554081384     183.626572018665
   0.299999999999997                    0     6.85672983557606 0.000713841040044185    0.313274780745699     174.121123751539
   0.299999999999997                    0     6.85672983557606 0.000713841040044185    0.311664007410014     164.615675484413
   0.299999999999997                    0     6.85672983557606 0.000713841040044185    0.310053234074329     155.110227217287
   0.299999999999997                    0     6.85672983557606 0.000713841040044185    0.308442460738644     145.604778950161
   0.299999999999997                    0     6.85672983557606 0.000713841040044185    0.306831687402959     136.099330683035
   0.299999999999997                    0     6.85672983557606 0.000713841040044185    0.305220914067274     126.593882415909
   0.299999999999997                    0     6.85672983557606 0.000713841040044185    0.303610140731589     117.088434148783
  0.0988502155362596     9.99497352603664     6.85672983557606 0.000713841040044185    0.301999367395904     107.582985881657
    41.1788201502633    0.706604520822021     3.54682006585199 0.000803059139351531     1.17990439583333     259.053572036227
   0.299999999999926                    0     6.85672983557606 0.000713841040044185    0.305995060763654     358.422282168206
   0.300000000000011                    0     6.85672983557606 0.000713841040044185    0.305995140774329     358.429462046453
   0.300000000000011                    0     6.85672983557606 0.000713841040044185    0.305995220785004     358.436641924699
   0.300000000000011                    0     6.85672983557606 0.000713841040044185    0.305995300795679     358.443821802946
   0.300000000000011                    0     6.85672983557606 0.000713841040044185    0.305995380806355     358.451001681192
   0.300000000000011                    0     6.85672983557606 0.000713841040044185     0.30599546081703     358.458181559439
   0.300000000000011                    0     6.85672983557606 0.000713841040044185    0.305995540827705     358.465361437685
   0.300000000000011                    0     6.85672983557606 0.000713841040044185     0.30599562083838     358.472541315932
   0.300000000000011                    0     6.85672983557606 0.000713841040044185    0.305995700849056     358.479721194179
   0.300000000000011                    0     6.85672983557606 0.000713841040044185    0.305995780859731     358.486901072425
   0.300000000000011                    0     6.85672983557606 0.000713841040044185    0.305995860870406     358.494080950672
   0.300000000000011                    0     6.85672983557606 0.000713841040044185    0.305995940881081     358.501260828918
   0.300000000000011                    0     6.85672983557606 0.000713841040044185    0.305996020891756     358.508440707165
   0.300000000000011                    0     6.85672983557606 0.000713841040044185    0.305996100902432     358.515620585411
   0.300000000000011                    0     6.85672983557606 0.000713841040044185    0.305996180913107     358.522800463658
   0.300000000000011                    0     6.85672983557606 0.000713841040044185    0.305996260923782     358.529980341904
   0.300000000000011                    0     6.85672983557606 0.000713841040044185    0.305996340934457     358.537160220151
   0.300000000000011                    0     6.85672983557606 0.000713841040044185    0.305996420945132     358.544340098398
   0.300000000000011                    0     6.85672983557606 0.000713841040044185    0.305996500955808     358.551519976644
   0.300000000000011                    0     6.85672983557606 0.000713841040044185    0.305996580966483     358.558699854891
   0.300000000000011                    0     6.85672983557606 0.000713841040044185    0.305996660977158     358.565879733137
   0.300000000000011                    0     6.85672983557606 0.000713841040044185    0.305996740987833     358.573059611384
   0.300000000000011                    0     6.85672983557606 0.000713841040044185    0.305996820998508      358.58023948963
   0.300000000000011                    0     6.85672983557606 0.000713841040044185    0.305996901009184     358.587419367877
   0.300000000000011                    0     6.85672983557606 0.000713841040044185    0.305996981019859     358.594599246124
   0.300000000000011                    0     6.85672983557606 0.000713841040044185    0.305997061030534      358.60177912437
   0.300000000000011                    0     6.85672983557606 0.000713841040044185    0.305997141041209     358.608959002617
   0.300000000000011                    0     6.85672983557606 0.000713841040044185    0.305997221051884     358.616138880863
   0.300000000000011                    0     6.85672983557606 0.000713841040044185     0.30599730106256      358.62331875911
   0.300000000000011                    0     6.85672983557606 0.000713841040044185    0.305997381073235     358.630498637356
   0.300000000000011                    0     6.85672983557606 0.000713841040044185     0.30599746108391     358.637678515603
   0.300000000000011                    0     6.85672983557606 0.000713841040044185    0.305997541094585      358.64485839385
   0.300000000000011                    0     6.85672983557606 0.000713841040044185     0.30599762110526     358.652038272096
   0.300000000000011                    0     6.85672983557606 0.000713841040044185    0.305997701115936     358.659218150343
   0.300000000000011                    0     6.85672983557606 0.000713841040044185    0.305997781126611     358.666398028589
   0.300000000000011                    0     6.85672983557606 0.000713841040044185    0.305997861137286     358.673577906836
   0.300000000000011                    0     6.85672983557606 0.000713841040044185    0.305997941147961     358.680757785082
   0.300000000000011                    0     6.85672983557606 0.000713841040044185    0.305998021158636     358.687937663329
   0.300000000000011                    0     6.85672983557606 0.000713841040044185    0.305998101169312     358.695117541575
   0.300000000000011                    0     6.85672983557606 0.000713841040044185    0.305998181179987     358.702297419822
   0.300000000000011                    0     6.85672983557606 0.000713841040044185    0.305998261190662     358.709477298069
   0.300000000000011                    0     6.85672983557606 0.000713841040044185    0.305998341201337     358.716657176315
   0.300000000000011                    0     6.85672983557606 0.000713841040044185    0.305998421212012     358.723837054562
   0.300000000000011                    0     6.85672983557606 0.000713841040044185    0.305998501222688     358.731016932808
   0.300000000000011                    0     6.85672983557606 0.000713841040044185    0.305998581233363     358.738196811055
   0.250183514127485    0.711681720561055     6.85672983557606 0.000713841040044185    0.305998661244038     358.745376689301
    33.4080859398008    0.500450304167589     3.54682006585199 0.000803059139351531     1.13986423520496     215.697633683664
   0.300000000000182                    0     6.85672983557606 0.000713841040044185    0.312978713279351     358.499621991803
   0.300000000000011                    0     6.85672983557606 0.000713841040044185    0.312214941017204     358.517142774901
   0.300000000000011                    0     6.85672983557606 0.000713841040044185    0.311451168755056     358.534663557998
   0.300000000000011                    0     6.85672983557606 0.000713841040044185    0.310687396492909     358.552184341096
   0.300000000000011                    0     6.85672983557606 0.000713841040044185    0.309923624230761     358.569705124194
   0.300000000000011                    0     6.85672983557606 0.000713841040044185    0.309159851968614     358.587225907291
   0.300000000000011                    0     6.85672983557606 0.000713841040044185    0.308396079706466     358.604746690389
   0.300000000000011                    0     6.85672983557606 0.000713841040044185    0.307632307444319     358.622267473486
   0.300000000000011                    0     6.85672983557606 0.000713841040044185    0.306868535182171     358.639788256584
   0.300000000000011                    0     6.85672983557606 0.000713841040044185    0.306104762920024     358.657309039682
   0.300000000000011                    0     6.85672983557606 0.000713841040044185    0.305340990657876     358.674829822779
   0.300000000000011                    0     6.85672983557606 0.000713841040044185    0.304577218395729     358.692350605877
   0.300000000000011                    0     6.85672983557606 0.000713841040044185    0.303813446133581     358.709871388974
   0.300000000000011                    0     6.85672983557606 0.000713841040044185    0.303049673871434     358.727392172072
   0.300000000000011                    0     6.85672983557606 0.000713841040044185    0.302285901609286      358.74491295517
   0.300000000000011                    0     6.85672983557606 0.000713841040044185    0.301522129347139     358.762433738267
   0.300000000000011                    0     6.85672983557606 0.000713841040044185    0.300758357084991     358.779954521365
   0.192895412780558     9.99973530258089     6.85672983557606 0.000713841040044185    0.299994584822844     358.797475304462
    40.9902589301735     0.82827234926715     3.54682006585199 0.000803059139351531    0.880131148473967     338.668693091803
   0.300000000000296                    0     6.85672983557606 0.000713841040044185    0.324982251732301      358.46816904421
   0.300000000000011                    0     6.85672983557606 0.000713841040044185    0.324382374954146      358.47915869803
   0.300000000000011                    0     6.85672983557606 0.000713841040044185     0.32378249817599      358.49014835185
   0.300000000000011                    0     6.85672983557606 0.000713841040044185    0.323182621397834      358.50113800567
   0.300000000000011                    0     6.85672983557606 0.000713841040044185    0.322582744619678      358.51212765949
   0.300000000000011                    0     6.85672983557606 0.000713841040044185    0.321982867841523      358.52311731331
   0.300000000000011                    0     6.85672983557606 0.000713841040044185    0.321382991063367      358.53410696713
   0.300000000000011                    0     6.85672983557606 0.000713841040044185    0.320783114285211     358.545096620949
   0.300000000000011                    0     6.85672983557606 0.000713841040044185    0.320183237507056     358.556086274769
   0.300000000000011                    0     6.85672983557606 0.000713841040044185      0.3195833607289     358.567075928589
   0.300000000000011                    0     6.85672983557606 0.000713841040044185    0.318983483950744     358.578065582409
   0.300000000000011                    0     6.85672983557606 0.000713841040044185    0.318383607172589     358.589055236229
   0.300000000000011                    0     6.85672983557606 0.000713841040044185    0.317783730394433     358.600044890049
   0.300000000000011                    0     6.85672983557606 0.000713841040044185    0.317183853616277     358.611034543869
   0.300000000000011                    0     6.85672983557606 0.000713841040044185    0.316583976838122     358.622024197689
   0.300000000000011                    0     6.85672983557606 0.000713841040044185    0.315984100059966     358.633013851509
   0.300000000000011                    0     6.85672983557606 0.000713841040044185     0.31538422328181     358.644003505329
   0.300000000000011                    0     6.85672983557606 0.000713841040044185    0.314784346503654     358.654993159149
   0.300000000000011                    0     6.85672983557606 0.000713841040044185    0.314184469725499     358.665982812969
   0.300000000000011                    0     6.85672983557606 0.000713841040044185    0.313584592947343     358.676972466789
   0.300000000000011                    0     6.85672983557606 0.000713841040044185    0.312984716169187     358.687962120609
   0.300000000000011                    0     6.85672983557606 0.000713841040044185    0.312384839391032     358.698951774429
   0.300000000000011                    0     6.85672983557606 0.000713841040044185    0.311784962612876     358.709941428249
   0.300000000000011                    0     6.85672983557606 0.000713841040044185     0.31118508583472     358.720931082069
   0.300000000000011                    0     6.85672983557606 0.000713841040044185    0.310585209056565     358.731920735889
   0.300000000000011                    0     6.85672983557606 0.000713841040044185    0.309985332278409     358.742910389709
   0.300000000000011                    0     6.85672983557606 0.000713841040044185    0.309385455500253     358.753900043529
   0.300000000000011                    0     6.85672983557606 0.000713841040044185    0.308785578722097     358.764889697349
   0.300000000000011                    0     6.85672983557606 0.000713841040044185    0.308185701943942     358.775879351169
   0.300000000000011                    0     6.85672983557606 0.000713841040044185    0.307585825165786     358.786869004989
   0.300000000000011                    0     6.85672983557606 0.000713841040044185     0.30698594838763     358.797858658809
   0.300000000000011                    0     6.85672983557606 0.000713841040044185    0.306386071609475     358.808848312629
   0.300000000000011                    0     6.85672983557606 0.000713841040044185    0.305786194831319     358.819837966449
   0.300000000000011                    0     6.85672983557606 0.000713841040044185    0.305186318053163     358.830827620269
   0.300000000000011                    0     6.85672983557606 0.000713841040044185    0.304586441275008     358.841817274089
   0.300000000000011                    0     6.85672983557606 0.000713841040044185    0.303986564496852     358.852806927909
   0.300000000000011                    0     6.85672983557606 0.000713841040044185    0.303386687718696     358.863796581729
   0.300000000000011                    0     6.85672983557606 0.000713841040044185     0.30278681094054     358.874786235549
   0.300000000000011                    0     6.85672983557606 0.000713841040044185    0.302186934162385     358.885775889369
   0.300000000000011                    0     6.85672983557606 0.000713841040044185    0.301587057384229     358.896765543189
   0.202647698967951    0.501595936101745     6.85672983557606 0.000713841040044185    0.300987180606073     358.907755197009
    44.4030670583836     9.98976950836118     3.54682006585199 0.000803059139351531      0.9600927367197     228.081537168084
   0.300000000000523                    0     6.85672983557606 0.000713841040044185    0.314993521631108     55.2719516526443
   0.300000000000011                    0     6.85672983557606 0.000713841040044185    0.314922465728975     68.2930181360997
   0.300000000000011                    0     6.85672983557606 0.000713841040044185    0.314851409826841      81.314084619555
   0.300000000000011                    0     6.85672983557606 0.000713841040044185    0.314780353924708     94.3351511030104
   0.300000000000011                    0     6.85672983557606 0.000713841040044185    0.314709298022575     107.356217586466
   0.300000000000011                    0     6.85672983557606 0.000713841040044185    0.314638242120442     120.377284069921
   0.300000000000011                    0     6.85672983557606 0.000713841040044185    0.314567186218309     133.398350553376
   0.300000000000011                    0     6.85672983557606 0.000713841040044185    0.314496130316176     146.419417036832
   0.300000000000011                    0     6.85672983557606 0.000713841040044185    0.314425074414043     159.440483520287
   0.300000000000011                    0     6.85672983557606 0.000713841040044185     0.31435401851191     172.461550003743
   0.300000000000011                    0     6.85672983557606 0.000713841040044185    0.314282962609776     185.482616487198
   0.300000000000011                    0     6.85672983557606 0.000713841040044185    0.314211906707643     198.503682970653
   0.300000000000011                    0     6.85672983557606 0.000713841040044185     0.31414085080551     211.524749454109
   0.300000000000011                    0     6.85672983557606 0.000713841040044185    0.314069794903377     224.545815937564
  0.0020372059705096     9.98549650310314     6.85672983557606 0.000713841040044185    0.313998739001244     237.566882421019
    31.1435531481161     9.99912409307132     3.54682006585199 0.000803059139351531    0.890315640787177     357.146219529229
   0.300000000000637                    0     6.85672983557606 0.000713841040044185    0.299982706277953     170.713838008702
   0.300000000000011                    0     6.85672983557606 0.000713841040044185    0.300051006730274     168.336262234356
   0.300000000000011                    0     6.85672983557606 0.000713841040044185    0.300119307182594     165.958686460009
   0.300000000000011                    0     6.85672983557606 0.000713841040044185    0.300187607634914     163.581110685663
   0.300000000000011                    0     6.85672983557606 0.000713841040044185    0.300255908087235     161.203534911316
   0.300000000000011                    0     6.85672983557606 0.000713841040044185    0.300324208539555      158.82595913697
   0.300000000000011                    0     6.85672983557606 0.000713841040044185    0.300392508991876     156.448383362623
   0.300000000000011                    0     6.85672983557606 0.000713841040044185    0.300460809444196     154.070807588277
   0.300000000000011                    0     6.85672983557606 0.000713841040044185    0.300529109896516     151.693231813931
   0.300000000000011                    0     6.85672983557606 0.000713841040044185    0.300597410348837     149.315656039584
   0.300000000000011                    0     6.85672983557606 0.000713841040044185    0.300665710801157     146.938080265238
   0.300000000000011                    0     6.85672983557606 0.000713841040044185    0.300734011253477     144.560504490891
   0.300000000000011                    0     6.85672983557606 0.000713841040044185    0.300802311705798     142.182928716545
   0.300000000000011                    0     6.85672983557606 0.000713841040044185    0.300870612158118     139.805352942199
   0.300000000000011                    0     6.85672983557606 0.000713841040044185    0.300938912610438     137.427777167852
   0.300000000000011                    0     6.85672983557606 0.000713841040044185    0.301007213062759     135.050201393506
   0.300000000000011                    0     6.85672983557606 0.000713841040044185    0.301075513515079     132.672625619159
   0.300000000000011                    0     6.85672983557606 0.000713841040044185    0.301143813967399     130.295049844813
   0.300000000000011                    0     6.85672983557606 0.000713841040044185     0.30121211441972     127.917474070467
   0.300000000000011                    0     6.85672983557606 0.000713841040044185     0.30128041487204      125.53989829612
   0.300000000000011                    0     6.85672983557606 0.000713841040044185     0.30134871532436     123.162322521774
   0.300000000000011                    0     6.85672983557606 0.000713841040044185    0.301417015776681     120.784746747427
   0.300000000000011                    0     6.85672983557606 0.000713841040044185    0.301485316229001     118.407170973081
   0.300000000000011                    0     6.85672983557606 0.000713841040044185    0.301553616681321     116.029595198734
   0.300000000000011                    0     6.85672983557606 0.000713841040044185    0.301621917133642     113.652019424388
   0.300000000000011                    0     6.85672983557606 0.000713841040044185    0.301690217585962     111.274443650042
   0.300000000000011                    0     6.85672983557606 0.000713841040044185    0.301758518038282     108.896867875695
   0.300000000000011                    0     6.85672983557606 0.000713841040044185    0.301826818490603     106.519292101349
   0.300000000000011                    0     6.85672983557606 0.000713841040044185    0.301895118942923     104.141716327002
   0.300000000000011                    0     6.85672983557606 0.000713841040044185    0.301963419395243     101.764140552656
   0.300000000000011                    0     6.85672983557606 0.000713841040044185    0.302031719847564     99.3865647783096
   0.300000000000011                    0     6.85672983557606 0.000713841040044185    0.302100020299884     97.0089890039632
   0.300000000000011                    0     6.85672983557606 0.000713841040044185    0.302168320752205     94.6314132296167
   0.300000000000011                    0     6.85672983557606 0.000713841040044185    0.302236621204525     92.2538374552703
   0.300000000000011                    0     6.85672983557606 0.000713841040044185    0.302304921656845     89.8762616809239
   0.300000000000011                    0     6.85672983557606 0.000713841040044185    0.302373222109166     87.4986859065775
   0.300000000000011                    0     6.85672983557606 0.000713841040044185    0.302441522561486     85.1211101322311
   0.300000000000011                    0     6.85672983557606 0.000713841040044185    0.302509823013806     82.7435343578847
   0.300000000000011                    0     6.85672983557606 0.000713841040044185    0.302578123466127     80.3659585835383
   0.300000000000011                    0     6.85672983557606 0.000713841040044185    0.302646423918447     77.9883828091918
   0.300000000000011                    0     6.85672983557606 0.000713841040044185    0.302714724370767     75.6108070348454
   0.300000000000011                    0     6.85672983557606 0.000713841040044185    0.302783024823088      73.233231260499
   0.300000000000011                    0     6.85672983557606 0.000713841040044185    0.302851325275408     70.8556554861526
   0.300000000000011                    0     6.85672983557606 0.000713841040044185    0.302919625727728     68.4780797118062
  0.0964546519890064    0.671243899652392     6.85672983557606 0.000713841040044185    0.302987926180049     66.1005039374598
    42.8607173567761     9.98095694493368     3.54682006585199 0.000803059139351531     0.84260648908231     226.026515500253
   0.300000000000864                    0     6.85672983557606 0.000713841040044185    0.307986092264366     358.846196447994
   0.300000000000011                    0     6.85672983557606 0.000713841040044185      0.3074032481549     349.357497889549
   0.300000000000011                    0     6.85672983557606 0.000713841040044185    0.306820404045435     339.868799331104
   0.300000000000011                    0     6.85672983557606 0.000713841040044185     0.30623755993597     330.380100772659
   0.300000000000011                    0     6.85672983557606 0.000713841040044185    0.305654715826504     320.891402214214
   0.300000000000011                    0     6.85672983557606 0.000713841040044185    0.305071871717039     311.402703655768
   0.300000000000011                    0     6.85672983557606 0.000713841040044185    0.304489027607574     301.914005097323
   0.300000000000011                    0     6.85672983557606 0.000713841040044185    0.303906183498108     292.425306538878
   0.300000000000011                    0     6.85672983557606 0.000713841040044185    0.303323339388643     282.936607980433
   0.300000000000011                    0     6.85672983557606 0.000713841040044185    0.302740495279178     273.447909421988
   0.300000000000011                    0     6.85672983557606 0.000713841040044185    0.302157651169713     263.959210863542
   0.300000000000011                    0     6.85672983557606 0.000713841040044185    0.301574807060247     254.470512305097
  0.0998446711233782     8.58610292999683     6.85672983557606 0.000713841040044185    0.300991962950782     244.981813746652
    31.1438720266523     9.98587012265784     3.54682006585199 0.000803059139351531    0.961686718827075     326.784550387024
   0.300000000000921                    0     6.85672983557606 0.000713841040044185    0.302998653285529     128.616009379457
   0.300000000000011                    0     6.85672983557606 0.000713841040044185    0.302931821293648     130.566742919685
   0.300000000000011                    0     6.85672983557606 0.000713841040044185    0.302864989301767     132.517476459914
   0.300000000000011                    0     6.85672983557606 0.000713841040044185    0.302798157309885     134.468210000143
   0.300000000000011                    0     6.85672983557606 0.000713841040044185    0.302731325318004     136.418943540372
   0.300000000000011                    0     6.85672983557606 0.000713841040044185    0.302664493326123     138.369677080601
   0.300000000000011                    0     6.85672983557606 0.000713841040044185    0.302597661334242      140.32041062083
   0.300000000000011                    0     6.85672983557606 0.000713841040044185    0.302530829342361     142.271144161059
   0.300000000000011                    0     6.85672983557606 0.000713841040044185     0.30246399735048     144.221877701288
   0.300000000000011                    0     6.85672983557606 0.000713841040044185    0.302397165358598     146.172611241517
   0.300000000000011                    0     6.85672983557606 0.000713841040044185    0.302330333366717     148.123344781746
   0.300000000000011                    0     6.85672983557606 0.000713841040044185    0.302263501374836     150.074078321975
   0.300000000000011                    0     6.85672983557606 0.000713841040044185    0.302196669382955     152.024811862203
   0.300000000000011                    0     6.85672983557606 0.000713841040044185    0.302129837391074     153.975545402432
   0.300000000000011                    0     6.85672983557606 0.000713841040044185    0.302063005399193     155.926278942661
   0.300000000000011                    0     6.85672983557606 0.000713841040044185    0.301996173407311      157.87701248289
   0.300000000000011                    0     6.85672983557606 0.000713841040044185     0.30192934141543     159.827746023119
   0.300000000000011                    0     6.85672983557606 0.000713841040044185    0.301862509423549     161.778479563348
   0.300000000000011                    0     6.85672983557606 0.000713841040044185    0.301795677431668     163.729213103577
   0.300000000000011                    0     6.85672983557606 0.000713841040044185    0.301728845439787     165.679946643806
   0.300000000000011                    0     6.85672983557606 0.000713841040044185    0.301662013447905     167.630680184035
   0.300000000000011                    0     6.85672983557606 0.000713841040044185    0.301595181456024     169.581413724264
   0.300000000000011                    0     6.85672983557606 0.000713841040044185    0.301528349464143     171.532147264493
   0.300000000000011                    0     6.85672983557606 0.000713841040044185    0.301461517472262     173.482880804722
   0.300000000000011                    0     6.85672983557606 0.000713841040044185    0.301394685480381      175.43361434495
   0.300000000000011                    0     6.85672983557606 0.000713841040044185      0.3013278534885     177.384347885179
   0.300000000000011                    0     6.85672983557606 0.000713841040044185    0.301261021496618     179.335081425408
   0.300000000000011                    0     6.85672983557606 0.000713841040044185    0.301194189504737     181.285814965637
   0.300000000000011                    0     6.85672983557606 0.000713841040044185    0.301127357512856     183.236548505866
   0.300000000000011                    0     6.85672983557606 0.000713841040044185    0.301060525520975     185.187282046095
   0.217915176911561     4.47513905405561     6.85672983557606 0.000713841040044185    0.300993693529094     187.138015586324
    30.8176010527408     9.97484847049985     3.54682006585199 0.000803059139351531    0.820475878939673     358.851612762301
   0.300000000001091                    0     6.85672983557606 0.000713841040044185    0.325895011396039     190.175401542593
   0.300000000000011                    0     6.85672983557606 0.000713841040044185     0.32495966593799     179.653378996683
   0.300000000000011                    0     6.85672983557606 0.000713841040044185     0.32402432047994     169.131356450772
   0.300000000000011                    0     6.85672983557606 0.000713841040044185     0.32308897502189     158.609333904861
   0.300000000000011                    0     6.85672983557606 0.000713841040044185     0.32215362956384     148.087311358951
   0.300000000000011                    0     6.85672983557606 0.000713841040044185     0.32121828410579      137.56528881304
   0.300000000000011                    0     6.85672983557606 0.000713841040044185     0.32028293864774     127.043266267129
   0.300000000000011                    0     6.85672983557606 0.000713841040044185     0.31934759318969     116.521243721219
   0.300000000000011                    0     6.85672983557606 0.000713841040044185     0.31841224773164     105.999221175308
   0.300000000000011                    0     6.85672983557606 0.000713841040044185     0.31747690227359     95.4771986293972
   0.300000000000011                    0     6.85672983557606 0.000713841040044185     0.31654155681554     84.9551760834865
   0.300000000000011                    0     6.85672983557606 0.000713841040044185     0.31560621135749     74.4331535375758
   0.300000000000011                    0     6.85672983557606 0.000713841040044185     0.31467086589944     63.9111309916651
   0.300000000000011                    0     6.85672983557606 0.000713841040044185     0.31373552044139     53.3891084457544
   0.300000000000011                    0     6.85672983557606 0.000713841040044185     0.31280017498334     42.8670858998437
   0.300000000000011                    0     6.85672983557606 0.000713841040044185     0.31186482952529      32.345063353933
   0.300000000000011                    0     6.85672983557606 0.000713841040044185     0.31092948406724     21.8230408080223
   0.299925674207884     9.99838813981534     6.85672983557606 0.000713841040044185     0.30999413860919     11.3010182621117
    33.0293533905499     9.99320924529483     3.54682006585199 0.000803059139351531    0.982052434786207     227.304420842807
   0.300000000001205                    0     6.85672983557606 0.000713841040044185    0.324964980325873     358.841982114038
   0.300000000000011                    0     6.85672983557606 0.000713841040044185     0.32466441100824     350.100310191928
   0.300000000000011                    0     6.85672983557606 0.000713841040044185    0.324363841690606     341.358638269818
   0.300000000000011                    0     6.85672983557606 0.000713841040044185    0.324063272372973     332.616966347708
   0.300000000000011                    0     6.85672983557606 0.000713841040044185     0.32376270305534     323.875294425598
   0.300000000000011                    0     6.85672983557606 0.000713841040044185    0.323462133737707     315.133622503489
   0.300000000000011                    0     6.85672983557606 0.000713841040044185    0.323161564420073     306.391950581379
   0.300000000000011                    0     6.85672983557606 0.000713841040044185     0.32286099510244     297.650278659269
   0.300000000000011                    0     6.85672983557606 0.000713841040044185    0.322560425784807     288.908606737159
   0.300000000000011                    0     6.85672983557606 0.000713841040044185    0.322259856467174      280.16693481505
   0.300000000000011                    0     6.85672983557606 0.000713841040044185     0.32195928714954      271.42526289294
   0.300000000000011                    0     6.85672983557606 0.000713841040044185    0.321658717831907      262.68359097083
   0.300000000000011                    0     6.85672983557606 0.000713841040044185    0.321358148514274      253.94191904872
   0.300000000000011                    0     6.85672983557606 0.000713841040044185    0.321057579196641      245.20024712661
   0.300000000000011                    0     6.85672983557606 0.000713841040044185    0.320757009879007     236.458575204501
   0.300000000000011                    0     6.85672983557606 0.000713841040044185    0.320456440561374     227.716903282391
   0.300000000000011                    0     6.85672983557606 0.000713841040044185    0.320155871243741     218.975231360281
   0.300000000000011                    0     6.85672983557606 0.000713841040044185    0.319855301926108     210.233559438171
   0.300000000000011                    0     6.85672983557606 0.000713841040044185    0.319554732608474     201.491887516061
   0.300000000000011                    0     6.85672983557606 0.000713841040044185    0.319254163290841     192.750215593952
   0.300000000000011                    0     6.85672983557606 0.000713841040044185    0.318953593973208     184.008543671842
   0.300000000000011                    0     6.85672983557606 0.000713841040044185    0.318653024655575     175.266871749732
   0.300000000000011                    0     6.85672983557606 0.000713841040044185    0.318352455337941     166.525199827622
   0.300000000000011                    0     6.85672983557606 0.000713841040044185    0.318051886020308     157.783527905513
   0.300000000000011                    0     6.85672983557606 0.000713841040044185    0.317751316702675     149.041855983403
   0.300000000000011                    0     6.85672983557606 0.000713841040044185    0.317450747385042     140.300184061293
   0.300000000000011                    0     6.85672983557606 0.000713841040044185    0.317150178067408     131.558512139183
   0.300000000000011                    0     6.85672983557606 0.000713841040044185    0.316849608749775     122.816840217073
   0.300000000000011                    0     6.85672983557606 0.000713841040044185    0.316549039432142     114.075168294964
   0.300000000000011                    0     6.85672983557606 0.000713841040044185    0.316248470114509     105.333496372854
   0.300000000000011                    0     6.85672983557606 0.000713841040044185    0.315947900796876     96.5918244507441
   0.300000000000011                    0     6.85672983557606 0.000713841040044185    0.315647331479242     87.8501525286343
   0.300000000000011                    0     6.85672983557606 0.000713841040044185    0.315346762161609     79.1084806065245
   0.300000000000011                    0     6.85672983557606 0.000713841040044185    0.315046192843976     70.3668086844147
   0.300000000000011                    0     6.85672983557606 0.000713841040044185    0.314745623526342     61.6251367623049
   0.300000000000011                    0     6.85672983557606 0.000713841040044185    0.314445054208709     52.8834648401951
   0.300000000000011                    0     6.85672983557606 0.000713841040044185    0.314144484891076     44.1417929180853
   0.300000000000011                    0     6.85672983557606 0.000713841040044185    0.313843915573443     35.4001209959756
   0.300000000000011                    0     6.85672983557606 0.000713841040044185     0.31354334625581     26.6584490738658
   0.300000000000011                    0     6.85672983557606 0.000713841040044185    0.313242776938176      17.916777151756
  0.0714148343748775      9.9846449542459     6.85672983557606 0.000713841040044185    0.312942207620543     9.17510522964622
    34.9735791750506    0.781119235612165     3.54682006585199 0.000803059139351531    0.812740606289687       356.0458603623
   0.300000000001319                    0     6.85672983557606 0.000713841040044185    0.303989495841273     358.785407208539
   0.299999999999955                    0     6.85672983557606 0.000713841040044185      0.3043620226638     358.794298913496
   0.299999999999955                    0     6.85672983557606 0.000713841040044185    0.304734549486327     358.803190618453
   0.299999999999955                    0     6.85672983557606 0.000713841040044185    0.305107076308854      358.81208232341
   0.299999999999955                    0     6.85672983557606 0.000713841040044185    0.305479603131381     358.820974028368
   0.299999999999955                    0     6.85672983557606 0.000713841040044185    0.305852129953908     358.829865733325
   0.299999999999955                    0     6.85672983557606 0.000713841040044185    0.306224656776435     358.838757438282
   0.299999999999955                    0     6.85672983557606 0.000713841040044185    0.306597183598961     358.847649143239
   0.299999999999955                    0     6.85672983557606 0.000713841040044185    0.306969710421488     358.856540848197
   0.299999999999955                    0     6.85672983557606 0.000713841040044185    0.307342237244015     358.865432553154
   0.299999999999955                    0     6.85672983557606 0.000713841040044185    0.307714764066542     358.874324258111
   0.299999999999955                    0     6.85672983557606 0.000713841040044185    0.308087290889069     358.883215963068
   0.299999999999955                    0     6.85672983557606 0.000713841040044185    0.308459817711596     358.892107668026
   0.299999999999955                    0     6.85672983557606 0.000713841040044185    0.308832344534123     358.900999372983
   0.299999999999955                    0     6.85672983557606 0.000713841040044185     0.30920487135665      358.90989107794
   0.299999999999955                    0     6.85672983557606 0.000713841040044185    0.309577398179177     358.918782782898
   0.299984410167554     9.96753293311656     6.85672983557606 0.000713841040044185    0.309949925001704     358.927674487855
    35.3895596364569     4.73566993972841     3.54682006585199 0.000803059139351531    0.980866757675998     192.418651794345
   0.300000000000978                    0     6.85672983557606 0.000713841040044185    0.318946791967913     358.929253592219
   0.299999999999955                    0     6.85672983557606 0.000713841040044185    0.318874768785673     358.929754943282
   0.299999999999955                    0     6.85672983557606 0.000713841040044185    0.318802745603432     358.930256294345
   0.299999999999955                    0     6.85672983557606 0.000713841040044185    0.318730722421192     358.930757645408
   0.299999999999955                    0     6.85672983557606 0.000713841040044185    0.318658699238951     358.931258996471
   0.299999999999955                    0     6.85672983557606 0.000713841040044185    0.318586676056711     358.931760347534
   0.299999999999955                    0     6.85672983557606 0.000713841040044185     0.31851465287447     358.932261698597
   0.299999999999955                    0     6.85672983557606 0.000713841040044185     0.31844262969223      358.93276304966
   0.299999999999955                    0     6.85672983557606 0.000713841040044185    0.318370606509989     358.933264400723
   0.299999999999955                    0     6.85672983557606 0.000713841040044185    0.318298583327749     358.933765751785
   0.299999999999955                    0     6.85672983557606 0.000713841040044185    0.318226560145508     358.934267102848
   0.299999999999955                    0     6.85672983557606 0.000713841040044185    0.318154536963268     358.934768453911
   0.299999999999955                    0     6.85672983557606 0.000713841040044185    0.318082513781027     358.935269804974
   0.299999999999955                    0     6.85672983557606 0.000713841040044185    0.318010490598787     358.935771156037
   0.299999999999955                    0     6.85672983557606 0.000713841040044185    0.317938467416546       358.9362725071
   0.299999999999955                    0     6.85672983557606 0.000713841040044185    0.317866444234306     358.936773858163
   0.299999999999955                    0     6.85672983557606 0.000713841040044185    0.317794421052065     358.937275209226
   0.299999999999955                    0     6.85672983557606 0.000713841040044185    0.317722397869825     358.937776560289
   0.299999999999955                    0     6.85672983557606 0.000713841040044185    0.317650374687584     358.938277911352
   0.299999999999955                    0     6.85672983557606 0.000713841040044185    0.317578351505344     358.938779262415
   0.299999999999955                    0     6.85672983557606 0.000713841040044185    0.317506328323103     358.939280613478
   0.299999999999955                    0     6.85672983557606 0.000713841040044185    0.317434305140863     358.939781964541
   0.299999999999955                    0     6.85672983557606 0.000713841040044185    0.317362281958622     358.940283315604
   0.299999999999955                    0     6.85672983557606 0.000713841040044185    0.317290258776382     358.940784666667
   0.299999999999955                    0     6.85672983557606 0.000713841040044185    0.317218235594141      358.94128601773
   0.299999999999955                    0     6.85672983557606 0.000713841040044185    0.317146212411901     358.941787368793
   0.299999999999955                    0     6.85672983557606 0.000713841040044185     0.31707418922966     358.942288719855
   0.299999999999955                    0     6.85672983557606 0.000713841040044185     0.31700216604742     358.942790070918
   0.299999999999955                    0     6.85672983557606 0.000713841040044185    0.316930142865179     358.943291421981
   0.299999999999955                    0     6.85672983557606 0.000713841040044185    0.316858119682939     358.943792773044
   0.299999999999955                    0     6.85672983557606 0.000713841040044185    0.316786096500698     358.944294124107
   0.299999999999955                    0     6.85672983557606 0.000713841040044185    0.316714073318458      358.94479547517
   0.299999999999955                    0     6.85672983557606 0.000713841040044185    0.316642050136218     358.945296826233
   0.299999999999955                    0     6.85672983557606 0.000713841040044185    0.316570026953977     358.945798177296
   0.299999999999955                    0     6.85672983557606 0.000713841040044185    0.316498003771737     358.946299528359
   0.299999999999955                    0     6.85672983557606 0.000713841040044185    0.316425980589496     358.946800879422
   0.299999999999955                    0     6.85672983557606 0.000713841040044185    0.316353957407256     358.947302230485
   0.299999999999955                    0     6.85672983557606 0.000713841040044185    0.316281934225015     358.947803581548
   0.299999999999955                    0     6.85672983557606 0.000713841040044185    0.316209911042775     358.948304932611
   0.299999999999955                    0     6.85672983557606 0.000713841040044185    0.316137887860534     358.948806283674
   0.299999999999955                    0     6.85672983557606 0.000713841040044185    0.316065864678294     358.949307634737
   0.299999999999955                    0     6.85672983557606 0.000713841040044185    0.315993841496053       358.9498089858
   0.299999999999955                    0     6.85672983557606 0.000713841040044185    0.315921818313813     358.950310336863
   0.299999999999955                    0     6.85672983557606 0.000713841040044185    0.315849795131572     358.950811687925
   0.299999999999955                    0     6.85672983557606 0.000713841040044185    0.315777771949332     358.951313038988
   0.299999999999955                    0     6.85672983557606 0.000713841040044185    0.315705748767091     358.951814390051
   0.299999999999955                    0     6.85672983557606 0.000713841040044185    0.315633725584851     358.952315741114
   0.299999999999955                    0     6.85672983557606 0.000713841040044185     0.31556170240261     358.952817092177
   0.299999999999955                    0     6.85672983557606 0.000713841040044185     0.31548967922037      358.95331844324
   0.299999999999955                    0     6.85672983557606 0.000713841040044185    0.315417656038129     358.953819794303
   0.299999999999955                    0     6.85672983557606 0.000713841040044185    0.315345632855889     358.954321145366
   0.299999999999955                    0     6.85672983557606 0.000713841040044185    0.315273609673648     358.954822496429
   0.299999999999955                    0     6.85672983557606 0.000713841040044185    0.315201586491408     358.955323847492
   0.299999999999955                    0     6.85672983557606 0.000713841040044185    0.315129563309167     358.955825198555
   0.299999999999955                    0     6.85672983557606 0.000713841040044185    0.315057540126927     358.956326549618
   0.196272967058462     3.58177988931158     6.85672983557606 0.000713841040044185    0.314985516944686     358.956827900681
    28.8626389914132     9.99898595818984     3.54682006585199 0.000803059139351531    0.931423011417607     224.130485098816
   0.299999999999727                    0     6.85672983557606 0.000713841040044185    0.319970153088091     26.0120358823867
   0.299999999999955                    0     6.85672983557606 0.000713841040044185    0.319409506414261     32.6303581575962
   0.299999999999955                    0     6.85672983557606 0.000713841040044185     0.31884885974043     39.2486804328058
   0.299999999999955                    0     6.85672983557606 0.000713841040044185    0.318288213066599     45.8670027080153
   0.299999999999955                    0     6.85672983557606 0.000713841040044185    0.317727566392769     52.4853249832249
   0.299999999999955                    0     6.85672983557606 0.000713841040044185    0.317166919718938     59.1036472584344
   0.299999999999955                    0     6.85672983557606 0.000713841040044185    0.316606273045107      65.721969533644
   0.299999999999955                    0     6.85672983557606 0.000713841040044185    0.316045626371277     72.3402918088536
   0.299999999999955                    0     6.85672983557606 0.000713841040044185    0.315484979697446     78.9586140840631
   0.299999999999955                    0     6.85672983557606 0.000713841040044185    0.314924333023616     85.5769363592727
   0.299999999999955                    0     6.85672983557606 0.000713841040044185    0.314363686349785     92.1952586344822
   0.299999999999955                    0     6.85672983557606 0.000713841040044185    0.313803039675954     98.8135809096918
   0.299999999999955                    0     6.85672983557606 0.000713841040044185    0.313242393002124     105.431903184901
   0.299999999999955                    0     6.85672983557606 0.000713841040044185    0.312681746328293     112.050225460111
   0.299999999999955                    0     6.85672983557606 0.000713841040044185    0.312121099654463      118.66854773532
   0.299999999999955                    0     6.85672983557606 0.000713841040044185    0.311560452980632      125.28687001053
   0.299998904014728    0.592122110154652     6.85672983557606 0.000713841040044185    0.310999806306801      131.90519228574
    29.2034992107513     9.98153905953356     3.54682006585199 0.000803059139351531    0.880516717927508     314.888742930973
     0.2999999999995                    0     6.85672983557606 0.000713841040044185    0.309999641795904     352.921640349476
   0.299999999999955                    0     6.85672983557606 0.000713841040044185    0.310530215401609     349.837397671507
   0.299999999999955                    0     6.85672983557606 0.000713841040044185    0.311060789007314     346.753154993538
   0.299999999999955                    0     6.85672983557606 0.000713841040044185    0.311591362613019     343.668912315569
   0.299999999999955                    0     6.85672983557606 0.000713841040044185    0.312121936218725       340.5846696376
   0.299999999999955                    0     6.85672983557606 0.000713841040044185     0.31265250982443     337.500426959631
   0.299999999999955                    0     6.85672983557606 0.000713841040044185    0.313183083430135     334.416184281661
   0.299999999999955                    0     6.85672983557606 0.000713841040044185     0.31371365703584     331.331941603692
   0.299999999999955                    0     6.85672983557606 0.000713841040044185    0.314244230641545     328.247698925723
   0.299999999999955                    0     6.85672983557606 0.000713841040044185     0.31477480424725     325.163456247754
   0.299999999999955                    0     6.85672983557606 0.000713841040044185    0.315305377852955     322.079213569785
   0.299999999999955                    0     6.85672983557606 0.000713841040044185     0.31583595145866     318.994970891816
   0.299999999999955                    0     6.85672983557606 0.000713841040044185    0.316366525064366     315.910728213847
   0.299999999999955                    0     6.85672983557606 0.000713841040044185    0.316897098670071     312.826485535878
   0.299999999999955                    0     6.85672983557606 0.000713841040044185    0.317427672275776     309.742242857908
   0.299999999999955                    0     6.85672983557606 0.000713841040044185    0.317958245881481     306.658000179939
   0.299999999999955                    0     6.85672983557606 0.000713841040044185    0.318488819487186      303.57375750197
   0.299999999999955                    0     6.85672983557606 0.000713841040044185    0.319019393092891     300.489514824001
   0.299999999999955                    0     6.85672983557606 0.000713841040044185    0.319549966698596     297.405272146032
   0.299999999999955                    0     6.85672983557606 0.000713841040044185    0.320080540304301     294.321029468063
   0.299999999999955                    0     6.85672983557606 0.000713841040044185    0.320611113910006     291.236786790094
   0.299999999999955                    0     6.85672983557606 0.000713841040044185    0.321141687515712     288.152544112124
   0.299999999999955                    0     6.85672983557606 0.000713841040044185    0.321672261121417     285.068301434155
   0.299999999999955                    0     6.85672983557606 0.000713841040044185    0.322202834727122     281.984058756186
   0.299999999999955                    0     6.85672983557606 0.000713841040044185    0.322733408332827     278.899816078217
   0.299999999999955                    0     6.85672983557606 0.000713841040044185    0.323263981938532     275.815573400248
   0.299999999999955                    0     6.85672983557606 0.000713841040044185    0.323794555544237     272.731330722279
   0.299999999999955                    0     6.85672983557606 0.000713841040044185    0.324325129149942      269.64708804431
   0.299999999999955                    0     6.85672983557606 0.000713841040044185    0.324855702755647     266.562845366341
   0.299999999999955                    0     6.85672983557606 0.000713841040044185    0.325386276361353     263.478602688371
   0.299999999999955                    0     6.85672983557606 0.000713841040044185    0.325916849967058     260.394360010402
   0.299999999999955                    0     6.85672983557606 0.000713841040044185    0.326447423572763     257.310117332433
  0.0117578573956507     9.99078454717077     6.85672983557606 0.000713841040044185    0.326977997178468     254.225874654464
                   0                    0                    0                    0                    0     254.225874654464
