#      z (A) rho (1e-6/A2) irho (1e-6/A2) rhoM (1e-6/A2) theta (degrees)
-10.00000000   3.53290778   0.00034376   0.00000000 265.08689130
  0.00000000   3.53290778   0.00034376   0.00000000 265.08689130
  0.00000000   3.54682007   0.00080306   1.12950387 265.08689130
 43.98118422   3.54682007   0.00080306   1.12950387 265.08689130
 43.98118422   6.85672984   0.00071384   0.30499896 277.92894442
 44.28118422   6.85672984   0.00071384   0.30499896 277.92894442
 44.28118422   6.85672984   0.00071384   0.30531713 277.42867035
 44.58118422   6.85672984   0.00071384   0.30531713 277.42867035
 44.58118422   6.85672984   0.00071384   0.30563530 276.92839628
 44.88118422   6.85672984   0.00071384   0.30563530 276.92839628
 44.88118422   6.85672984   0.00071384   0.30595347 276.42812221
 45.18118422   6.85672984   0.00071384   0.30595347 276.42812221
 45.18118422   6.85672984   0.00071384   0.30627164 275.92784814
 45.48118422   6.85672984   0.00071384   0.30627164 275.92784814
 45.48118422   6.85672984   0.00071384   0.30658981 275.42757407
 45.78118422   6.85672984   0.00071384   0.30658981 275.42757407
 45.78118422   6.85672984   0.00071384   0.30690798 274.92730001
 46.08118422   6.85672984   0.00071384   0.30690798 274.92730001
 46.08118422   6.85672984   0.00071384   0.30722615 274.42702594
 46.38118422   6.85672984   0.00071384   0.30722615 274.42702594
 46.38118422   6.85672984   0.00071384   0.30754432 273.92675187
 46.68118422   6.85672984   0.00071384   0.30754432 273.92675187
 46.68118422   6.85672984   0.00071384   0.30786249 273.42647780
 46.98118422   6.85672984   0.00071384   0.30786249 273.42647780
 46.98118422   6.85672984   0.00071384   0.30818066 272.92620373
 47.28118422   6.85672984   0.00071384   0.30818066 272.92620373
 47.28118422   6.85672984   0.00071384   0.30849883 272.42592966
 47.58118422   6.85672984   0.00071384   0.30849883 272.42592966
 47.58118422   6.85672984   0.00071384   0.30881699 271.92565559
 47.88118422   6.85672984   0.00071384   0.30881699 271.92565559
 47.88118422   6.85672984   0.00071384   0.30913516 271.42538153
 48.18118422   6.85672984   0.00071384   0.30913516 271.42538153
 48.18118422   6.85672984   0.00071384   0.30945333 270.92510746
 48.48118422   6.85672984   0.00071384   0.30945333 270.92510746
 48.48118422   6.85672984   0.00071384   0.30977150 270.42483339
 48.78118422   6.85672984   0.00071384   0.30977150 270.42483339
 48.78118422   6.85672984   0.00071384   0.31008967 269.92455932
 49.08118422   6.85672984   0.00071384   0.31008967 269.92455932
 49.08118422   6.85672984   0.00071384   0.31040784 269.42428525
 49.38118422   6.85672984   0.00071384   0.31040784 269.42428525
 49.38118422   6.85672984   0.00071384   0.31072601 268.92401118
 49.68118422   6.85672984   0.00071384   0.31072601 268.92401118
 49.68118422   6.85672984   0.00071384   0.31104418 268.42373711
 49.98118422   6.85672984   0.00071384   0.31104418 268.42373711
 49.98118422   6.85672984   0.00071384   0.31136235 267.92346305
 50.28118422   6.85672984   0.00071384   0.31136235 267.92346305
 50.28118422   6.85672984   0.00071384   0.31168052 267.42318898
 50.58118422   6.85672984   0.00071384   0.31168052 267.42318898
 50.58118422   6.85672984   0.00071384   0.31199869 266.92291491
 50.88118422   6.85672984   0.00071384   0.31199869 266.92291491
 50.88118422   6.85672984   0.00071384   0.31231686 266.42264084
 51.18118422   6.85672984   0.00071384   0.31231686 266.42264084
 51.18118422   6.85672984   0.00071384   0.31263503 265.92236677
 51.48118422   6.85672984   0.00071384   0.31263503 265.92236677
 51.48118422   6.85672984   0.00071384   0.31295319 265.42209270
 51.78118422   6.85672984   0.00071384   0.31295319 265.42209270
 51.78118422   6.85672984   0.00071384   0.31327136 264.92181863
 52.08118422   6.85672984   0.00071384   0.31327136 264.92181863
 52.08118422   6.85672984   0.00071384   0.31358953 264.42154457
 52.38118422   6.85672984   0.00071384   0.31358953 264.42154457
 52.38118422   6.85672984   0.00071384   0.31390770 263.92127050
 52.68118422   6.85672984   0.00071384   0.31390770 263.92127050
 52.68118422   6.85672984   0.00071384   0.31422587 263.42099643
 52.98118422   6.85672984   0.00071384   0.31422587 263.42099643
 52.98118422   6.85672984   0.00071384   0.31454404 262.92072236
 53.28118422   6.85672984   0.00071384   0.31454404 262.92072236
 53.28118422   6.85672984   0.00071384   0.31486221 262.42044829
 53.58118422   6.85672984   0.00071384   0.31486221 262.42044829
 53.58118422   6.85672984   0.00071384   0.31518038 261.92017422
 53.88118422   6.85672984   0.00071384   0.31518038 261.92017422
 53.88118422   6.85672984   0.00071384   0.31549855 261.41990015
 54.18118422   6.85672984   0.00071384   0.31549855 261.41990015
 54.18118422   6.85672984   0.00071384   0.31581672 260.91962609
 54.48118422   6.85672984   0.00071384   0.31581672 260.91962609
 54.48118422   6.85672984   0.00071384   0.31613489 260.41935202
 54.78118422   6.85672984   0.00071384   0.31613489 260.41935202
 54.78118422   6.85672984   0.00071384   0.31645306 259.91907795
 55.08118422   6.85672984   0.00071384   0.31645306 259.91907795
 55.08118422   6.85672984   0.00071384   0.31677123 259.41880388
 55.38118422   6.85672984   0.00071384   0.31677123 259.41880388
 55.38118422   6.85672984   0.00071384   0.31708939 258.91852981
 55.68118422   6.85672984   0.00071384   0.31708939 258.91852981
 55.68118422   6.85672984   0.00071384   0.31740756 258.41825574
 55.98118422   6.85672984   0.00071384   0.31740756 258.41825574
 55.98118422   6.85672984   0.00071384   0.31772573 257.91798167
 56.28118422   6.85672984   0.00071384   0.31772573 257.91798167
 56.28118422   6.85672984   0.00071384   0.31804390 257.41770761
 56.58118422   6.85672984   0.00071384   0.31804390 257.41770761
 56.58118422   6.85672984   0.00071384   0.31836207 256.91743354
 56.88118422   6.85672984   0.00071384   0.31836207 256.91743354
 56.88118422   6.85672984   0.00071384   0.31868024 256.41715947
 57.18118422   6.85672984   0.00071384   0.31868024 256.41715947
 57.18118422   6.85672984   0.00071384   0.31899841 255.91688540
 57.44671853   6.85672984   0.00071384   0.31899841 255.91688540
 57.44671853   3.54682007   0.00080306   0.87057625   0.00017967
 85.46232854   3.54682007   0.00080306   0.87057625   0.00017967
 85.46232854   6.85672984   0.00071384   0.33099329 278.68105469
 85.76232854   6.85672984   0.00071384   0.33099329 278.68105469
 85.76232854   6.85672984   0.00071384   0.32938251 269.17560642
 86.06232854   6.85672984   0.00071384   0.32938251 269.17560642
 86.06232854   6.85672984   0.00071384   0.32777174 259.67015816
 86.36232854   6.85672984   0.00071384   0.32777174 259.67015816
 86.36232854   6.85672984   0.00071384   0.32616097 250.16470989
 86.66232854   6.85672984   0.00071384   0.32616097 250.16470989
 86.66232854   6.85672984   0.00071384   0.32455019 240.65926162
 86.96232854   6.85672984   0.00071384   0.32455019 240.65926162
 86.96232854   6.85672984   0.00071384   0.32293942 231.15381335
 87.26232854   6.85672984   0.00071384   0.32293942 231.15381335
 87.26232854   6.85672984   0.00071384   0.32132865 221.64836509
 87.56232854   6.85672984   0.00071384   0.32132865 221.64836509
 87.56232854   6.85672984   0.00071384   0.31971787 212.14291682
 87.86232854   6.85672984   0.00071384   0.31971787 212.14291682
 87.86232854   6.85672984   0.00071384   0.31810710 202.63746855
 88.16232854   6.85672984   0.00071384   0.31810710 202.63746855
 88.16232854   6.85672984   0.00071384   0.31649633 193.13202029
 88.46232854   6.85672984   0.00071384   0.31649633 193.13202029
 88.46232854   6.85672984   0.00071384   0.31488555 183.62657202
 88.76232854   6.85672984   0.00071384   0.31488555 183.62657202
 88.76232854   6.85672984   0.00071384   0.31327478 174.12112375
 89.06232854   6.85672984   0.00071384   0.31327478 174.12112375
 89.06232854   6.85672984   0.00071384   0.31166401 164.61567548
 89.36232854   6.85672984   0.00071384   0.31166401 164.61567548
 89.36232854   6.85672984   0.00071384   0.31005323 155.11022722
 89.66232854   6.85672984   0.00071384   0.31005323 155.11022722
 89.66232854   6.85672984   0.00071384   0.30844246 145.60477895
 89.96232854   6.85672984   0.00071384   0.30844246 145.60477895
 89.96232854   6.85672984   0.00071384   0.30683169 136.09933068
 90.26232854   6.85672984   0.00071384   0.30683169 136.09933068
 90.26232854   6.85672984   0.00071384   0.30522091 126.59388242
 90.56232854   6.85672984   0.00071384   0.30522091 126.59388242
 90.56232854   6.85672984   0.00071384   0.30361014 117.08843415
 90.86232854   6.85672984   0.00071384   0.30361014 117.08843415
 90.86232854   6.85672984   0.00071384   0.30199937 107.58298588
 90.96117875   6.85672984   0.00071384   0.30199937 107.58298588
 90.96117875   3.54682007   0.00080306   1.17990440 259.05357204
132.13999890   3.54682007   0.00080306   1.17990440 259.05357204
132.13999890   6.85672984   0.00071384   0.30599506 358.42228217
132.43999890   6.85672984   0.00071384   0.30599506 358.42228217
132.43999890   6.85672984   0.00071384   0.30599514 358.42946205
132.73999890   6.85672984   0.00071384   0.30599514 358.42946205
132.73999890   6.85672984   0.00071384   0.30599522 358.43664192
133.03999890   6.85672984   0.00071384   0.30599522 358.43664192
133.03999890   6.85672984   0.00071384   0.30599530 358.44382180
133.33999890   6.85672984   0.00071384   0.30599530 358.44382180
133.33999890   6.85672984   0.00071384   0.30599538 358.45100168
133.63999890   6.85672984   0.00071384   0.30599538 358.45100168
133.63999890   6.85672984   0.00071384   0.30599546 358.45818156
133.93999890   6.85672984   0.00071384   0.30599546 358.45818156
133.93999890   6.85672984   0.00071384   0.30599554 358.46536144
134.23999890   6.85672984   0.00071384   0.30599554 358.46536144
134.23999890   6.85672984   0.00071384   0.30599562 358.47254132
134.53999890   6.85672984   0.00071384   0.30599562 358.47254132
134.53999890   6.85672984   0.00071384   0.30599570 358.47972119
134.83999890   6.85672984   0.00071384   0.30599570 358.47972119
134.83999890   6.85672984   0.00071384   0.30599578 358.48690107
135.13999890   6.85672984   0.00071384   0.30599578 358.48690107
135.13999890   6.85672984   0.00071384   0.30599586 358.49408095
135.43999890   6.85672984   0.00071384   0.30599586 358.49408095
135.43999890   6.85672984   0.00071384   0.30599594 358.50126083
135.73999890   6.85672984   0.00071384   0.30599594 358.50126083
135.73999890   6.85672984   0.00071384   0.30599602 358.50844071
136.03999890   6.85672984   0.00071384   0.30599602 358.50844071
136.03999890   6.85672984   0.00071384   0.30599610 358.51562059
136.33999890   6.85672984   0.00071384   0.30599610 358.51562059
136.33999890   6.85672984   0.00071384   0.30599618 358.52280046
136.63999890   6.85672984   0.00071384   0.30599618 358.52280046
136.63999890   6.85672984   0.00071384   0.30599626 358.52998034
136.93999890   6.85672984   0.00071384   0.30599626 358.52998034
136.93999890   6.85672984   0.00071384   0.30599634 358.53716022
137.23999890   6.85672984   0.00071384   0.30599634 358.53716022
137.23999890   6.85672984   0.00071384   0.30599642 358.54434010
137.53999890   6.85672984   0.00071384   0.30599642 358.54434010
137.53999890   6.85672984   0.00071384   0.30599650 358.55151998
137.83999890   6.85672984   0.00071384   0.30599650 358.55151998
137.83999890   6.85672984   0.00071384   0.30599658 358.55869985
138.13999890   6.85672984   0.00071384   0.30599658 358.55869985
138.13999890   6.85672984   0.00071384   0.30599666 358.56587973
138.43999890   6.85672984   0.00071384   0.30599666 358.56587973
138.43999890   6.85672984   0.00071384   0.30599674 358.57305961
138.73999890   6.85672984   0.00071384   0.30599674 358.57305961
138.73999890   6.85672984   0.00071384   0.30599682 358.58023949
139.03999890   6.85672984   0.00071384   0.30599682 358.58023949
139.03999890   6.85672984   0.00071384   0.30599690 358.58741937
139.33999890   6.85672984   0.00071384   0.30599690 358.58741937
139.33999890   6.85672984   0.00071384   0.30599698 358.59459925
139.63999890   6.85672984   0.00071384   0.30599698 358.59459925
139.63999890   6.85672984   0.00071384   0.30599706 358.60177912
139.93999890   6.85672984   0.00071384   0.30599706 358.60177912
139.93999890   6.85672984   0.00071384   0.30599714 358.60895900
140.23999890   6.85672984   0.00071384   0.30599714 358.60895900
140.23999890   6.85672984   0.00071384   0.30599722 358.61613888
140.53999890   6.85672984   0.00071384   0.30599722 358.61613888
140.53999890   6.85672984   0.00071384   0.30599730 358.62331876
140.83999890   6.85672984   0.00071384   0.30599730 358.62331876
140.83999890   6.85672984   0.00071384   0.30599738 358.63049864
141.13999890   6.85672984   0.00071384   0.30599738 358.63049864
141.13999890   6.85672984   0.00071384   0.30599746 358.63767852
141.43999890   6.85672984   0.00071384   0.30599746 358.63767852
141.43999890   6.85672984   0.00071384   0.30599754 358.64485839
141.73999890   6.85672984   0.00071384   0.30599754 358.64485839
141.73999890   6.85672984   0.00071384   0.30599762 358.65203827
142.03999890   6.85672984   0.00071384   0.30599762 358.65203827
142.03999890   6.85672984   0.00071384   0.30599770 358.65921815
142.33999890   6.85672984   0.00071384   0.30599770 358.65921815
142.33999890   6.85672984   0.00071384   0.30599778 358.66639803
142.63999890   6.85672984   0.00071384   0.30599778 358.66639803
142.63999890   6.85672984   0.00071384   0.30599786 358.67357791
142.93999890   6.85672984   0.00071384   0.30599786 358.67357791
142.93999890   6.85672984   0.00071384   0.30599794 358.68075779
143.23999890   6.85672984   0.00071384   0.30599794 358.68075779
143.23999890   6.85672984   0.00071384   0.30599802 358.68793766
143.53999890   6.85672984   0.00071384   0.30599802 358.68793766
143.53999890   6.85672984   0.00071384   0.30599810 358.69511754
143.83999890   6.85672984   0.00071384   0.30599810 358.69511754
143.83999890   6.85672984   0.00071384   0.30599818 358.70229742
144.13999890   6.85672984   0.00071384   0.30599818 358.70229742
144.13999890   6.85672984   0.00071384   0.30599826 358.70947730
144.43999890   6.85672984   0.00071384   0.30599826 358.70947730
144.43999890   6.85672984   0.00071384   0.30599834 358.71665718
144.73999890   6.85672984   0.00071384   0.30599834 358.71665718
144.73999890   6.85672984   0.00071384   0.30599842 358.72383705
145.03999890   6.85672984   0.00071384   0.30599842 358.72383705
145.03999890   6.85672984   0.00071384   0.30599850 358.73101693
145.33999890   6.85672984   0.00071384   0.30599850 358.73101693
145.33999890   6.85672984   0.00071384   0.30599858 358.73819681
145.63999890   6.85672984   0.00071384   0.30599858 358.73819681
145.63999890   6.85672984   0.00071384   0.30599866 358.74537669
145.89018242   6.85672984   0.00071384   0.30599866 358.74537669
145.89018242   3.54682007   0.00080306   1.13986424 215.69763368
179.29826836   3.54682007   0.00080306   1.13986424 215.69763368
179.29826836   6.85672984   0.00071384   0.31297871 358.49962199
179.59826836   6.85672984   0.00071384   0.31297871 358.49962199
179.59826836   6.85672984   0.00071384   0.31221494 358.51714277
179.89826836   6.85672984   0.00071384   0.31221494 358.51714277
179.89826836   6.85672984   0.00071384   0.31145117 358.53466356
180.19826836   6.85672984   0.00071384   0.31145117 358.53466356
180.19826836   6.85672984   0.00071384   0.31068740 358.55218434
180.49826836   6.85672984   0.00071384   0.31068740 358.55218434
180.49826836   6.85672984   0.00071384   0.30992362 358.56970512
180.79826836   6.85672984   0.00071384   0.30992362 358.56970512
180.79826836   6.85672984   0.00071384   0.30915985 358.58722591
181.09826836   6.85672984   0.00071384   0.30915985 358.58722591
181.09826836   6.85672984   0.00071384   0.30839608 358.60474669
181.39826836   6.85672984   0.00071384   0.30839608 358.60474669
181.39826836   6.85672984   0.00071384   0.30763231 358.62226747
181.69826836   6.85672984   0.00071384   0.30763231 358.62226747
181.69826836   6.85672984   0.00071384   0.30686854 358.63978826
181.99826836   6.85672984   0.00071384   0.30686854 358.63978826
181.99826836   6.85672984   0.00071384   0.30610476 358.65730904
182.29826836   6.85672984   0.00071384   0.30610476 358.65730904
182.29826836   6.85672984   0.00071384   0.30534099 358.67482982
182.59826836   6.85672984   0.00071384   0.30534099 358.67482982
182.59826836   6.85672984   0.00071384   0.30457722 358.69235061
182.89826836   6.85672984   0.00071384   0.30457722 358.69235061
182.89826836   6.85672984   0.00071384   0.30381345 358.70987139
183.19826836   6.85672984   0.00071384   0.30381345 358.70987139
183.19826836   6.85672984   0.00071384   0.30304967 358.72739217
183.49826836   6.85672984   0.00071384   0.30304967 358.72739217
183.49826836   6.85672984   0.00071384   0.30228590 358.74491296
183.79826836   6.85672984   0.00071384   0.30228590 358.74491296
183.79826836   6.85672984   0.00071384   0.30152213 358.76243374
184.09826836   6.85672984   0.00071384   0.30152213 358.76243374
184.09826836   6.85672984   0.00071384   0.30075836 358.77995452
184.39826836   6.85672984   0.00071384   0.30075836 358.77995452
184.39826836   6.85672984   0.00071384   0.29999458 358.79747530
184.59116377   6.85672984   0.00071384   0.29999458 358.79747530
184.59116377   3.54682007   0.00080306   0.88013115 338.66869309
225.58142270   3.54682007   0.00080306   0.88013115 338.66869309
225.58142270   6.85672984   0.00071384   0.32498225 358.46816904
225.88142270   6.85672984   0.00071384   0.32498225 358.46816904
225.88142270   6.85672984   0.00071384   0.32438237 358.47915870
226.18142270   6.85672984   0.00071384   0.32438237 358.47915870
226.18142270   6.85672984   0.00071384   0.32378250 358.49014835
226.48142270   6.85672984   0.00071384   0.32378250 358.49014835
226.48142270   6.85672984   0.00071384   0.32318262 358.50113801
226.78142270   6.85672984   0.00071384   0.32318262 358.50113801
226.78142270   6.85672984   0.00071384   0.32258274 358.51212766
227.08142270   6.85672984   0.00071384   0.32258274 358.51212766
227.08142270   6.85672984   0.00071384   0.32198287 358.52311731
227.38142270   6.85672984   0.00071384   0.32198287 358.52311731
227.38142270   6.85672984   0.00071384   0.32138299 358.53410697
227.68142270   6.85672984   0.00071384   0.32138299 358.53410697
227.68142270   6.85672984   0.00071384   0.32078311 358.54509662
227.98142270   6.85672984   0.00071384   0.32078311 358.54509662
227.98142270   6.85672984   0.00071384   0.32018324 358.55608627
228.28142270   6.85672984   0.00071384   0.32018324 358.55608627
228.28142270   6.85672984   0.00071384   0.31958336 358.56707593
228.58142270   6.85672984   0.00071384   0.31958336 358.56707593
228.58142270   6.85672984   0.00071384   0.31898348 358.57806558
228.88142270   6.85672984   0.00071384   0.31898348 358.57806558
228.88142270   6.85672984   0.00071384   0.31838361 358.58905524
229.18142270   6.85672984   0.00071384   0.31838361 358.58905524
229.18142270   6.85672984   0.00071384   0.31778373 358.60004489
229.48142270   6.85672984   0.00071384   0.31778373 358.60004489
229.48142270   6.85672984   0.00071384   0.31718385 358.61103454
229.78142270   6.85672984   0.00071384   0.31718385 358.61103454
229.78142270   6.85672984   0.00071384   0.31658398 358.62202420
230.08142270   6.85672984   0.00071384   0.31658398 358.62202420
230.08142270   6.85672984   0.00071384   0.31598410 358.63301385
230.38142270   6.85672984   0.00071384   0.31598410 358.63301385
230.38142270   6.85672984   0.00071384   0.31538422 358.64400351
230.68142270   6.85672984   0.00071384   0.31538422 358.64400351
230.68142270   6.85672984   0.00071384   0.31478435 358.65499316
230.98142270   6.85672984   0.00071384   0.31478435 358.65499316
230.98142270   6.85672984   0.00071384   0.31418447 358.66598281
231.28142270   6.85672984   0.00071384   0.31418447 358.66598281
231.28142270   6.85672984   0.00071384   0.31358459 358.67697247
231.58142270   6.85672984   0.00071384   0.31358459 358.67697247
231.58142270   6.85672984   0.00071384   0.31298472 358.68796212
231.88142270   6.85672984   0.00071384   0.31298472 358.68796212
231.88142270   6.85672984   0.00071384   0.31238484 358.69895177
232.18142270   6.85672984   0.00071384   0.31238484 358.69895177
232.18142270   6.85672984   0.00071384   0.31178496 358.70994143
232.48142270   6.85672984   0.00071384   0.31178496 358.70994143
232.48142270   6.85672984   0.00071384   0.31118509 358.72093108
232.78142270   6.85672984   0.00071384   0.31118509 358.72093108
232.78142270   6.85672984   0.00071384   0.31058521 358.73192074
233.08142270   6.85672984   0.00071384   0.31058521 358.73192074
233.08142270   6.85672984   0.00071384   0.30998533 358.74291039
233.38142270   6.85672984   0.00071384   0.30998533 358.74291039
233.38142270   6.85672984   0.00071384   0.30938546 358.75390004
233.68142270   6.85672984   0.00071384   0.30938546 358.75390004
233.68142270   6.85672984   0.00071384   0.30878558 358.76488970
233.98142270   6.85672984   0.00071384   0.30878558 358.76488970
233.98142270   6.85672984   0.00071384   0.30818570 358.77587935
234.28142270   6.85672984   0.00071384   0.30818570 358.77587935
234.28142270   6.85672984   0.00071384   0.30758583 358.78686900
234.58142270   6.85672984   0.00071384   0.30758583 358.78686900
234.58142270   6.85672984   0.00071384   0.30698595 358.79785866
234.88142270   6.85672984   0.00071384   0.30698595 358.79785866
234.88142270   6.85672984   0.00071384   0.30638607 358.80884831
235.18142270   6.85672984   0.00071384   0.30638607 358.80884831
235.18142270   6.85672984   0.00071384   0.30578619 358.81983797
235.48142270   6.85672984   0.00071384   0.30578619 358.81983797
235.48142270   6.85672984   0.00071384   0.30518632 358.83082762
235.78142270   6.85672984   0.00071384   0.30518632 358.83082762
235.78142270   6.85672984   0.00071384   0.30458644 358.84181727
236.08142270   6.85672984   0.00071384   0.30458644 358.84181727
236.08142270   6.85672984   0.00071384   0.30398656 358.85280693
236.38142270   6.85672984   0.00071384   0.30398656 358.85280693
236.38142270   6.85672984   0.00071384   0.30338669 358.86379658
236.68142270   6.85672984   0.00071384   0.30338669 358.86379658
236.68142270   6.85672984   0.00071384   0.30278681 358.87478624
236.98142270   6.85672984   0.00071384   0.30278681 358.87478624
236.98142270   6.85672984   0.00071384   0.30218693 358.88577589
237.28142270   6.85672984   0.00071384   0.30218693 358.88577589
237.28142270   6.85672984   0.00071384   0.30158706 358.89676554
237.58142270   6.85672984   0.00071384   0.30158706 358.89676554
237.58142270   6.85672984   0.00071384   0.30098718 358.90775520
237.78407040   6.85672984   0.00071384   0.30098718 358.90775520
237.78407040   3.54682007   0.00080306   0.96009274 228.08153717
282.18713746   3.54682007   0.00080306   0.96009274 228.08153717
282.18713746   6.85672984   0.00071384   0.31499352  55.27195165
282.48713746   6.85672984   0.00071384   0.31499352  55.27195165
282.48713746   6.85672984   0.00071384   0.31492247  68.29301814
282.78713746   6.85672984   0.00071384   0.31492247  68.29301814
282.78713746   6.85672984   0.00071384   0.31485141  81.31408462
283.08713746   6.85672984   0.00071384   0.31485141  81.31408462
283.08713746   6.85672984   0.00071384   0.31478035  94.33515110
283.38713746   6.85672984   0.00071384   0.31478035  94.33515110
283.38713746   6.85672984   0.00071384   0.31470930 107.35621759
283.68713746   6.85672984   0.00071384   0.31470930 107.35621759
283.68713746   6.85672984   0.00071384   0.31463824 120.37728407
283.98713746   6.85672984   0.00071384   0.31463824 120.37728407
283.98713746   6.85672984   0.00071384   0.31456719 133.39835055
284.28713746   6.85672984   0.00071384   0.31456719 133.39835055
284.28713746   6.85672984   0.00071384   0.31449613 146.41941704
284.58713746   6.85672984   0.00071384   0.31449613 146.41941704
284.58713746   6.85672984   0.00071384   0.31442507 159.44048352
284.88713746   6.85672984   0.00071384   0.31442507 159.44048352
284.88713746   6.85672984   0.00071384   0.31435402 172.46155000
285.18713746   6.85672984   0.00071384   0.31435402 172.46155000
285.18713746   6.85672984   0.00071384   0.31428296 185.48261649
285.48713746   6.85672984   0.00071384   0.31428296 185.48261649
285.48713746   6.85672984   0.00071384   0.31421191 198.50368297
285.78713746   6.85672984   0.00071384   0.31421191 198.50368297
285.78713746   6.85672984   0.00071384   0.31414085 211.52474945
286.08713746   6.85672984   0.00071384   0.31414085 211.52474945
286.08713746   6.85672984   0.00071384   0.31406979 224.54581594
286.38713746   6.85672984   0.00071384   0.31406979 224.54581594
286.38713746   6.85672984   0.00071384   0.31399874 237.56688242
286.38917466   6.85672984   0.00071384   0.31399874 237.56688242
286.38917466   3.54682007   0.00080306   0.89031564 357.14621953
317.53272781   3.54682007   0.00080306   0.89031564 357.14621953
317.53272781   6.85672984   0.00071384   0.29998271 170.71383801
317.83272781   6.85672984   0.00071384   0.29998271 170.71383801
317.83272781   6.85672984   0.00071384   0.30005101 168.33626223
318.13272781   6.85672984   0.00071384   0.30005101 168.33626223
318.13272781   6.85672984   0.00071384   0.30011931 165.95868646
318.43272781   6.85672984   0.00071384   0.30011931 165.95868646
318.43272781   6.85672984   0.00071384   0.30018761 163.58111069
318.73272781   6.85672984   0.00071384   0.30018761 163.58111069
318.73272781   6.85672984   0.00071384   0.30025591 161.20353491
319.03272781   6.85672984   0.00071384   0.30025591 161.20353491
319.03272781   6.85672984   0.00071384   0.30032421 158.82595914
319.33272781   6.85672984   0.00071384   0.30032421 158.82595914
319.33272781   6.85672984   0.00071384   0.30039251 156.44838336
319.63272781   6.85672984   0.00071384   0.30039251 156.44838336
319.63272781   6.85672984   0.00071384   0.30046081 154.07080759
319.93272781   6.85672984   0.00071384   0.30046081 154.07080759
319.93272781   6.85672984   0.00071384   0.30052911 151.69323181
320.23272781   6.85672984   0.00071384   0.30052911 151.69323181
320.23272781   6.85672984   0.00071384   0.30059741 149.31565604
320.53272781   6.85672984   0.00071384   0.30059741 149.31565604
320.53272781   6.85672984   0.00071384   0.30066571 146.93808027
320.83272781   6.85672984   0.00071384   0.30066571 146.93808027
320.83272781   6.85672984   0.00071384   0.30073401 144.56050449
321.13272781   6.85672984   0.00071384   0.30073401 144.56050449
321.13272781   6.85672984   0.00071384   0.30080231 142.18292872
321.43272781   6.85672984   0.00071384   0.30080231 142.18292872
321.43272781   6.85672984   0.00071384   0.30087061 139.80535294
321.73272781   6.85672984   0.00071384   0.30087061 139.80535294
321.73272781   6.85672984   0.00071384   0.30093891 137.42777717
322.03272781   6.85672984   0.00071384   0.30093891 137.42777717
322.03272781   6.85672984   0.00071384   0.30100721 135.05020139
322.33272781   6.85672984   0.00071384   0.30100721 135.05020139
322.33272781   6.85672984   0.00071384   0.30107551 132.67262562
322.63272781   6.85672984   0.00071384   0.30107551 132.67262562
322.63272781   6.85672984   0.00071384   0.30114381 130.29504984
322.93272781   6.85672984   0.00071384   0.30114381 130.29504984
322.93272781   6.85672984   0.00071384   0.30121211 127.91747407
323.23272781   6.85672984   0.00071384   0.30121211 127.91747407
323.23272781   6.85672984   0.00071384   0.30128041 125.53989830
323.53272781   6.85672984   0.00071384   0.30128041 125.53989830
323.53272781   6.85672984   0.00071384   0.30134872 123.16232252
323.83272781   6.85672984   0.00071384   0.30134872 123.16232252
323.83272781   6.85672984   0.00071384   0.30141702 120.78474675
324.13272781   6.85672984   0.00071384   0.30141702 120.78474675
324.13272781   6.85672984   0.00071384   0.30148532 118.40717097
324.43272781   6.85672984   0.00071384   0.30148532 118.40717097
324.43272781   6.85672984   0.00071384   0.30155362 116.02959520
324.73272781   6.85672984   0.00071384   0.30155362 116.02959520
324.73272781   6.85672984   0.00071384   0.30162192 113.65201942
325.03272781   6.85672984   0.00071384   0.30162192 113.65201942
325.03272781   6.85672984   0.00071384   0.30169022 111.27444365
325.33272781   6.85672984   0.00071384   0.30169022 111.27444365
325.33272781   6.85672984   0.00071384   0.30175852 108.89686788
325.63272781   6.85672984   0.00071384   0.30175852 108.89686788
325.63272781   6.85672984   0.00071384   0.30182682 106.51929210
325.93272781   6.85672984   0.00071384   0.30182682 106.51929210
325.93272781   6.85672984   0.00071384   0.30189512 104.14171633
326.23272781   6.85672984   0.00071384   0.30189512 104.14171633
326.23272781   6.85672984   0.00071384   0.30196342 101.76414055
326.53272781   6.85672984   0.00071384   0.30196342 101.76414055
326.53272781   6.85672984   0.00071384   0.30203172  99.38656478
326.83272781   6.85672984   0.00071384   0.30203172  99.38656478
326.83272781   6.85672984   0.00071384   0.30210002  97.00898900
327.13272781   6.85672984   0.00071384   0.30210002  97.00898900
327.13272781   6.85672984   0.00071384   0.30216832  94.63141323
327.43272781   6.85672984   0.00071384   0.30216832  94.63141323
327.43272781   6.85672984   0.00071384   0.30223662  92.25383746
327.73272781   6.85672984   0.00071384   0.30223662  92.25383746
327.73272781   6.85672984   0.00071384   0.30230492  89.87626168
328.03272781   6.85672984   0.00071384   0.30230492  89.87626168
328.03272781   6.85672984   0.00071384   0.30237322  87.49868591
328.33272781   6.85672984   0.00071384   0.30237322  87.49868591
328.33272781   6.85672984   0.00071384   0.30244152  85.12111013
328.63272781   6.85672984   0.00071384   0.30244152  85.12111013
328.63272781   6.85672984   0.00071384   0.30250982  82.74353436
328.93272781   6.85672984   0.00071384   0.30250982  82.74353436
328.93272781   6.85672984   0.00071384   0.30257812  80.36595858
329.23272781   6.85672984   0.00071384   0.30257812  80.36595858
329.23272781   6.85672984   0.00071384   0.30264642  77.98838281
329.53272781   6.85672984   0.00071384   0.30264642  77.98838281
329.53272781   6.85672984   0.00071384   0.30271472  75.61080703
329.83272781   6.85672984   0.00071384   0.30271472  75.61080703
329.83272781   6.85672984   0.00071384   0.30278302  73.23323126
330.13272781   6.85672984   0.00071384   0.30278302  73.23323126
330.13272781   6.85672984   0.00071384   0.30285133  70.85565549
330.43272781   6.85672984   0.00071384   0.30285133  70.85565549
330.43272781   6.85672984   0.00071384   0.30291963  68.47807971
330.73272781   6.85672984   0.00071384   0.30291963  68.47807971
330.73272781   6.85672984   0.00071384   0.30298793  66.10050394
330.82918246   6.85672984   0.00071384   0.30298793  66.10050394
330.82918246   3.54682007   0.00080306   0.84260649 226.02651550
373.68989982   3.54682007   0.00080306   0.84260649 226.02651550
373.68989982   6.85672984   0.00071384   0.30798609 358.84619645
373.98989982   6.85672984   0.00071384   0.30798609 358.84619645
373.98989982   6.85672984   0.00071384   0.30740325 349.35749789
374.28989982   6.85672984   0.00071384   0.30740325 349.35749789
374.28989982   6.85672984   0.00071384   0.30682040 339.86879933
374.58989982   6.85672984   0.00071384   0.30682040 339.86879933
374.58989982   6.85672984   0.00071384   0.30623756 330.38010077
374.88989982   6.85672984   0.00071384   0.30623756 330.38010077
374.88989982   6.85672984   0.00071384   0.30565472 320.89140221
375.18989982   6.85672984   0.00071384   0.30565472 320.89140221
375.18989982   6.85672984   0.00071384   0.30507187 311.40270366
375.48989982   6.85672984   0.00071384   0.30507187 311.40270366
375.48989982   6.85672984   0.00071384   0.30448903 301.91400510
375.78989982   6.85672984   0.00071384   0.30448903 301.91400510
375.78989982   6.85672984   0.00071384   0.30390618 292.42530654
376.08989982   6.85672984   0.00071384   0.30390618 292.42530654
376.08989982   6.85672984   0.00071384   0.30332334 282.93660798
376.38989982   6.85672984   0.00071384   0.30332334 282.93660798
376.38989982   6.85672984   0.00071384   0.30274050 273.44790942
376.68989982   6.85672984   0.00071384   0.30274050 273.44790942
376.68989982   6.85672984   0.00071384   0.30215765 263.95921086
376.98989982   6.85672984   0.00071384   0.30215765 263.95921086
376.98989982   6.85672984   0.00071384   0.30157481 254.47051231
377.28989982   6.85672984   0.00071384   0.30157481 254.47051231
377.28989982   6.85672984   0.00071384   0.30099196 244.98181375
377.38974449   6.85672984   0.00071384   0.30099196 244.98181375
377.38974449   3.54682007   0.00080306   0.96168672 326.78455039
408.53361652   3.54682007   0.00080306   0.96168672 326.78455039
408.53361652   6.85672984   0.00071384   0.30299865 128.61600938
408.83361652   6.85672984   0.00071384   0.30299865 128.61600938
408.83361652   6.85672984   0.00071384   0.30293182 130.56674292
409.13361652   6.85672984   0.00071384   0.30293182 130.56674292
409.13361652   6.85672984   0.00071384   0.30286499 132.51747646
409.43361652   6.85672984   0.00071384   0.30286499 132.51747646
409.43361652   6.85672984   0.00071384   0.30279816 134.46821000
409.73361652   6.85672984   0.00071384   0.30279816 134.46821000
409.73361652   6.85672984   0.00071384   0.30273133 136.41894354
410.03361652   6.85672984   0.00071384   0.30273133 136.41894354
410.03361652   6.85672984   0.00071384   0.30266449 138.36967708
410.33361652   6.85672984   0.00071384   0.30266449 138.36967708
410.33361652   6.85672984   0.00071384   0.30259766 140.32041062
410.63361652   6.85672984   0.00071384   0.30259766 140.32041062
410.63361652   6.85672984   0.00071384   0.30253083 142.27114416
410.93361652   6.85672984   0.00071384   0.30253083 142.27114416
410.93361652   6.85672984   0.00071384   0.30246400 144.22187770
411.23361652   6.85672984   0.00071384   0.30246400 144.22187770
411.23361652   6.85672984   0.00071384   0.30239717 146.17261124
411.53361652   6.85672984   0.00071384   0.30239717 146.17261124
411.53361652   6.85672984   0.00071384   0.30233033 148.12334478
411.83361652   6.85672984   0.00071384   0.30233033 148.12334478
411.83361652   6.85672984   0.00071384   0.30226350 150.07407832
412.13361652   6.85672984   0.00071384   0.30226350 150.07407832
412.13361652   6.85672984   0.00071384   0.30219667 152.02481186
412.43361652   6.85672984   0.00071384   0.30219667 152.02481186
412.43361652   6.85672984   0.00071384   0.30212984 153.97554540
412.73361652   6.85672984   0.00071384   0.30212984 153.97554540
412.73361652   6.85672984   0.00071384   0.30206301 155.92627894
413.03361652   6.85672984   0.00071384   0.30206301 155.92627894
413.03361652   6.85672984   0.00071384   0.30199617 157.87701248
413.33361652   6.85672984   0.00071384   0.30199617 157.87701248
413.33361652   6.85672984   0.00071384   0.30192934 159.82774602
413.63361652   6.85672984   0.00071384   0.30192934 159.82774602
413.63361652   6.85672984   0.00071384   0.30186251 161.77847956
413.93361652   6.85672984   0.00071384   0.30186251 161.77847956
413.93361652   6.85672984   0.00071384   0.30179568 163.72921310
414.23361652   6.85672984   0.00071384   0.30179568 163.72921310
414.23361652   6.85672984   0.00071384   0.30172885 165.67994664
414.53361652   6.85672984   0.00071384   0.30172885 165.67994664
414.53361652   6.85672984   0.00071384   0.30166201 167.63068018
414.83361652   6.85672984   0.00071384   0.30166201 167.63068018
414.83361652   6.85672984   0.00071384   0.30159518 169.58141372
415.13361652   6.85672984   0.00071384   0.30159518 169.58141372
415.13361652   6.85672984   0.00071384   0.30152835 171.53214726
415.43361652   6.85672984   0.00071384   0.30152835 171.53214726
415.43361652   6.85672984   0.00071384   0.30146152 173.48288080
415.73361652   6.85672984   0.00071384   0.30146152 173.48288080
415.73361652   6.85672984   0.00071384   0.30139469 175.43361434
416.03361652   6.85672984   0.00071384   0.30139469 175.43361434
416.03361652   6.85672984   0.00071384   0.30132785 177.38434789
416.33361652   6.85672984   0.00071384   0.30132785 177.38434789
416.33361652   6.85672984   0.00071384   0.30126102 179.33508143
416.63361652   6.85672984   0.00071384   0.30126102 179.33508143
416.63361652   6.85672984   0.00071384   0.30119419 181.28581497
416.93361652   6.85672984   0.00071384   0.30119419 181.28581497
416.93361652   6.85672984   0.00071384   0.30112736 183.23654851
417.23361652   6.85672984   0.00071384   0.30112736 183.23654851
417.23361652   6.85672984   0.00071384   0.30106053 185.18728205
417.53361652   6.85672984   0.00071384   0.30106053 185.18728205
417.53361652   6.85672984   0.00071384   0.30099369 187.13801559
417.75153169   6.85672984   0.00071384   0.30099369 187.13801559
417.75153169   3.54682007   0.00080306   0.82047588 358.85161276
448.56913275   3.54682007   0.00080306   0.82047588 358.85161276
448.56913275   6.85672984   0.00071384   0.32589501 190.17540154
448.86913275   6.85672984   0.00071384   0.32589501 190.17540154
448.86913275   6.85672984   0.00071384   0.32495967 179.65337900
449.16913275   6.85672984   0.00071384   0.32495967 179.65337900
449.16913275   6.85672984   0.00071384   0.32402432 169.13135645
449.46913275   6.85672984   0.00071384   0.32402432 169.13135645
449.46913275   6.85672984   0.00071384   0.32308898 158.60933390
449.76913275   6.85672984   0.00071384   0.32308898 158.60933390
449.76913275   6.85672984   0.00071384   0.32215363 148.08731136
450.06913275   6.85672984   0.00071384   0.32215363 148.08731136
450.06913275   6.85672984   0.00071384   0.32121828 137.56528881
450.36913275   6.85672984   0.00071384   0.32121828 137.56528881
450.36913275   6.85672984   0.00071384   0.32028294 127.04326627
450.66913275   6.85672984   0.00071384   0.32028294 127.04326627
450.66913275   6.85672984   0.00071384   0.31934759 116.52124372
450.96913275   6.85672984   0.00071384   0.31934759 116.52124372
450.96913275   6.85672984   0.00071384   0.31841225 105.99922118
451.26913275   6.85672984   0.00071384   0.31841225 105.99922118
451.26913275   6.85672984   0.00071384   0.31747690  95.47719863
451.56913275   6.85672984   0.00071384   0.31747690  95.47719863
451.56913275   6.85672984   0.00071384   0.31654156  84.95517608
451.86913275   6.85672984   0.00071384   0.31654156  84.95517608
451.86913275   6.85672984   0.00071384   0.31560621  74.43315354
452.16913275   6.85672984   0.00071384   0.31560621  74.43315354
452.16913275   6.85672984   0.00071384   0.31467087  63.91113099
452.46913275   6.85672984   0.00071384   0.31467087  63.91113099
452.46913275   6.85672984   0.00071384   0.31373552  53.38910845
452.76913275   6.85672984   0.00071384   0.31373552  53.38910845
452.76913275   6.85672984   0.00071384   0.31280017  42.86708590
453.06913275   6.85672984   0.00071384   0.31280017  42.86708590
453.06913275   6.85672984   0.00071384   0.31186483  32.34506335
453.36913275   6.85672984   0.00071384   0.31186483  32.34506335
453.36913275   6.85672984   0.00071384   0.31092948  21.82304081
453.66913275   6.85672984   0.00071384   0.31092948  21.82304081
453.66913275   6.85672984   0.00071384   0.30999414  11.30101826
453.96905842   6.85672984   0.00071384   0.30999414  11.30101826
453.96905842   3.54682007   0.00080306   0.98205243 227.30442084
486.99841181   3.54682007   0.00080306   0.98205243 227.30442084
486.99841181   6.85672984   0.00071384   0.32496498 358.84198211
487.29841181   6.85672984   0.00071384   0.32496498 358.84198211
487.29841181   6.85672984   0.00071384   0.32466441 350.10031019
487.59841181   6.85672984   0.00071384   0.32466441 350.10031019
487.59841181   6.85672984   0.00071384   0.32436384 341.35863827
487.89841181   6.85672984   0.00071384   0.32436384 341.35863827
487.89841181   6.85672984   0.00071384   0.32406327 332.61696635
488.19841181   6.85672984   0.00071384   0.32406327 332.61696635
488.19841181   6.85672984   0.00071384   0.32376270 323.87529443
488.49841181   6.85672984   0.00071384   0.32376270 323.87529443
488.49841181   6.85672984   0.00071384   0.32346213 315.13362250
488.79841181   6.85672984   0.00071384   0.32346213 315.13362250
488.79841181   6.85672984   0.00071384   0.32316156 306.39195058
489.09841181   6.85672984   0.00071384   0.32316156 306.39195058
489.09841181   6.85672984   0.00071384   0.32286100 297.65027866
489.39841181   6.85672984   0.00071384   0.32286100 297.65027866
489.39841181   6.85672984   0.00071384   0.32256043 288.90860674
489.69841181   6.85672984   0.00071384   0.32256043 288.90860674
489.69841181   6.85672984   0.00071384   0.32225986 280.16693482
489.99841181   6.85672984   0.00071384   0.32225986 280.16693482
489.99841181   6.85672984   0.00071384   0.32195929 271.42526289
490.29841181   6.85672984   0.00071384   0.32195929 271.42526289
490.29841181   6.85672984   0.00071384   0.32165872 262.68359097
490.59841181   6.85672984   0.00071384   0.32165872 262.68359097
490.59841181   6.85672984   0.00071384   0.32135815 253.94191905
490.89841181   6.85672984   0.00071384   0.32135815 253.94191905
490.89841181   6.85672984   0.00071384   0.32105758 245.20024713
491.19841181   6.85672984   0.00071384   0.32105758 245.20024713
491.19841181   6.85672984   0.00071384   0.32075701 236.45857520
491.49841181   6.85672984   0.00071384   0.32075701 236.45857520
491.49841181   6.85672984   0.00071384   0.32045644 227.71690328
491.79841181   6.85672984   0.00071384   0.32045644 227.71690328
491.79841181   6.85672984   0.00071384   0.32015587 218.97523136
492.09841181   6.85672984   0.00071384   0.32015587 218.97523136
492.09841181   6.85672984   0.00071384   0.31985530 210.23355944
492.39841181   6.85672984   0.00071384   0.31985530 210.23355944
492.39841181   6.85672984   0.00071384   0.31955473 201.49188752
492.69841181   6.85672984   0.00071384   0.31955473 201.49188752
492.69841181   6.85672984   0.00071384   0.31925416 192.75021559
492.99841181   6.85672984   0.00071384   0.31925416 192.75021559
492.99841181   6.85672984   0.00071384   0.31895359 184.00854367
493.29841181   6.85672984   0.00071384   0.31895359 184.00854367
493.29841181   6.85672984   0.00071384   0.31865302 175.26687175
493.59841181   6.85672984   0.00071384   0.31865302 175.26687175
493.59841181   6.85672984   0.00071384   0.31835246 166.52519983
493.89841181   6.85672984   0.00071384   0.31835246 166.52519983
493.89841181   6.85672984   0.00071384   0.31805189 157.78352791
494.19841181   6.85672984   0.00071384   0.31805189 157.78352791
494.19841181   6.85672984   0.00071384   0.31775132 149.04185598
494.49841181   6.85672984   0.00071384   0.31775132 149.04185598
494.49841181   6.85672984   0.00071384   0.31745075 140.30018406
494.79841181   6.85672984   0.00071384   0.31745075 140.30018406
494.79841181   6.85672984   0.00071384   0.31715018 131.55851214
495.09841181   6.85672984   0.00071384   0.31715018 131.55851214
495.09841181   6.85672984   0.00071384   0.31684961 122.81684022
495.39841181   6.85672984   0.00071384   0.31684961 122.81684022
495.39841181   6.85672984   0.00071384   0.31654904 114.07516829
495.69841181   6.85672984   0.00071384   0.31654904 114.07516829
495.69841181   6.85672984   0.00071384   0.31624847 105.33349637
495.99841181   6.85672984   0.00071384   0.31624847 105.33349637
495.99841181   6.85672984   0.00071384   0.31594790  96.59182445
496.29841181   6.85672984   0.00071384   0.31594790  96.59182445
496.29841181   6.85672984   0.00071384   0.31564733  87.85015253
496.59841181   6.85672984   0.00071384   0.31564733  87.85015253
496.59841181   6.85672984   0.00071384   0.31534676  79.10848061
496.89841181   6.85672984   0.00071384   0.31534676  79.10848061
496.89841181   6.85672984   0.00071384   0.31504619  70.36680868
497.19841181   6.85672984   0.00071384   0.31504619  70.36680868
497.19841181   6.85672984   0.00071384   0.31474562  61.62513676
497.49841181   6.85672984   0.00071384   0.31474562  61.62513676
497.49841181   6.85672984   0.00071384   0.31444505  52.88346484
497.79841181   6.85672984   0.00071384   0.31444505  52.88346484
497.79841181   6.85672984   0.00071384   0.31414448  44.14179292
498.09841181   6.85672984   0.00071384   0.31414448  44.14179292
498.09841181   6.85672984   0.00071384   0.31384392  35.40012100
498.39841181   6.85672984   0.00071384   0.31384392  35.40012100
498.39841181   6.85672984   0.00071384   0.31354335  26.65844907
498.69841181   6.85672984   0.00071384   0.31354335  26.65844907
498.69841181   6.85672984   0.00071384   0.31324278  17.91677715
498.99841181   6.85672984   0.00071384   0.31324278  17.91677715
498.99841181   6.85672984   0.00071384   0.31294221   9.17510523
499.06982665   6.85672984   0.00071384   0.31294221   9.17510523
499.06982665   3.54682007   0.00080306   0.81274061 356.04586036
534.04340582   3.54682007   0.00080306   0.81274061 356.04586036
534.04340582   6.85672984   0.00071384   0.30398950 358.78540721
534.34340582   6.85672984   0.00071384   0.30398950 358.78540721
534.34340582   6.85672984   0.00071384   0.30436202 358.79429891
534.64340582   6.85672984   0.00071384   0.30436202 358.79429891
534.64340582   6.85672984   0.00071384   0.30473455 358.80319062
534.94340582   6.85672984   0.00071384   0.30473455 358.80319062
534.94340582   6.85672984   0.00071384   0.30510708 358.81208232
535.24340582   6.85672984   0.00071384   0.30510708 358.81208232
535.24340582   6.85672984   0.00071384   0.30547960 358.82097403
535.54340582   6.85672984   0.00071384   0.30547960 358.82097403
535.54340582   6.85672984   0.00071384   0.30585213 358.82986573
535.84340582   6.85672984   0.00071384   0.30585213 358.82986573
535.84340582   6.85672984   0.00071384   0.30622466 358.83875744
536.14340582   6.85672984   0.00071384   0.30622466 358.83875744
536.14340582   6.85672984   0.00071384   0.30659718 358.84764914
536.44340582   6.85672984   0.00071384   0.30659718 358.84764914
536.44340582   6.85672984   0.00071384   0.30696971 358.85654085
536.74340582   6.85672984   0.00071384   0.30696971 358.85654085
536.74340582   6.85672984   0.00071384   0.30734224 358.86543255
537.04340582   6.85672984   0.00071384   0.30734224 358.86543255
537.04340582   6.85672984   0.00071384   0.30771476 358.87432426
537.34340582   6.85672984   0.00071384   0.30771476 358.87432426
537.34340582   6.85672984   0.00071384   0.30808729 358.88321596
537.64340582   6.85672984   0.00071384   0.30808729 358.88321596
537.64340582   6.85672984   0.00071384   0.30845982 358.89210767
537.94340582   6.85672984   0.00071384   0.30845982 358.89210767
537.94340582   6.85672984   0.00071384   0.30883234 358.90099937
538.24340582   6.85672984   0.00071384   0.30883234 358.90099937
538.24340582   6.85672984   0.00071384   0.30920487 358.90989108
538.54340582   6.85672984   0.00071384   0.30920487 358.90989108
538.54340582   6.85672984   0.00071384   0.30957740 358.91878278
538.84340582   6.85672984   0.00071384   0.30957740 358.91878278
538.84340582   6.85672984   0.00071384   0.30994993 358.92767449
539.14339023   6.85672984   0.00071384   0.30994993 358.92767449
539.14339023   3.54682007   0.00080306   0.98086676 192.41865179
574.53294987   3.54682007   0.00080306   0.98086676 192.41865179
574.53294987   6.85672984   0.00071384   0.31894679 358.92925359
574.83294987   6.85672984   0.00071384   0.31894679 358.92925359
574.83294987   6.85672984   0.00071384   0.31887477 358.92975494
575.13294987   6.85672984   0.00071384   0.31887477 358.92975494
575.13294987   6.85672984   0.00071384   0.31880275 358.93025629
575.43294987   6.85672984   0.00071384   0.31880275 358.93025629
575.43294987   6.85672984   0.00071384   0.31873072 358.93075765
575.73294987   6.85672984   0.00071384   0.31873072 358.93075765
575.73294987   6.85672984   0.00071384   0.31865870 358.93125900
576.03294987   6.85672984   0.00071384   0.31865870 358.93125900
576.03294987   6.85672984   0.00071384   0.31858668 358.93176035
576.33294987   6.85672984   0.00071384   0.31858668 358.93176035
576.33294987   6.85672984   0.00071384   0.31851465 358.93226170
576.63294987   6.85672984   0.00071384   0.31851465 358.93226170
576.63294987   6.85672984   0.00071384   0.31844263 358.93276305
576.93294987   6.85672984   0.00071384   0.31844263 358.93276305
576.93294987   6.85672984   0.00071384   0.31837061 358.93326440
577.23294987   6.85672984   0.00071384   0.31837061 358.93326440
577.23294987   6.85672984   0.00071384   0.31829858 358.93376575
577.53294987   6.85672984   0.00071384   0.31829858 358.93376575
577.53294987   6.85672984   0.00071384   0.31822656 358.93426710
577.83294987   6.85672984   0.00071384   0.31822656 358.93426710
577.83294987   6.85672984   0.00071384   0.31815454 358.93476845
578.13294987   6.85672984   0.00071384   0.31815454 358.93476845
578.13294987   6.85672984   0.00071384   0.31808251 358.93526980
578.43294987   6.85672984   0.00071384   0.31808251 358.93526980
578.43294987   6.85672984   0.00071384   0.31801049 358.93577116
578.73294987   6.85672984   0.00071384   0.31801049 358.93577116
578.73294987   6.85672984   0.00071384   0.31793847 358.93627251
579.03294987   6.85672984   0.00071384   0.31793847 358.93627251
579.03294987   6.85672984   0.00071384   0.31786644 358.93677386
579.33294987   6.85672984   0.00071384   0.31786644 358.93677386
579.33294987   6.85672984   0.00071384   0.31779442 358.93727521
579.63294987   6.85672984   0.00071384   0.31779442 358.93727521
579.63294987   6.85672984   0.00071384   0.31772240 358.93777656
579.93294987   6.85672984   0.00071384   0.31772240 358.93777656
579.93294987   6.85672984   0.00071384   0.31765037 358.93827791
580.23294987   6.85672984   0.00071384   0.31765037 358.93827791
580.23294987   6.85672984   0.00071384   0.31757835 358.93877926
580.53294987   6.85672984   0.00071384   0.31757835 358.93877926
580.53294987   6.85672984   0.00071384   0.31750633 358.93928061
580.83294987   6.85672984   0.00071384   0.31750633 358.93928061
580.83294987   6.85672984   0.00071384   0.31743431 358.93978196
581.13294987   6.85672984   0.00071384   0.31743431 358.93978196
581.13294987   6.85672984   0.00071384   0.31736228 358.94028332
581.43294987   6.85672984   0.00071384   0.31736228 358.94028332
581.43294987   6.85672984   0.00071384   0.31729026 358.94078467
581.73294987   6.85672984   0.00071384   0.31729026 358.94078467
581.73294987   6.85672984   0.00071384   0.31721824 358.94128602
582.03294987   6.85672984   0.00071384   0.31721824 358.94128602
582.03294987   6.85672984   0.00071384   0.31714621 358.94178737
582.33294987   6.85672984   0.00071384   0.31714621 358.94178737
582.33294987   6.85672984   0.00071384   0.31707419 358.94228872
582.63294987   6.85672984   0.00071384   0.31707419 358.94228872
582.63294987   6.85672984   0.00071384   0.31700217 358.94279007
582.93294987   6.85672984   0.00071384   0.31700217 358.94279007
582.93294987   6.85672984   0.00071384   0.31693014 358.94329142
583.23294987   6.85672984   0.00071384   0.31693014 358.94329142
583.23294987   6.85672984   0.00071384   0.31685812 358.94379277
583.53294987   6.85672984   0.00071384   0.31685812 358.94379277
583.53294987   6.85672984   0.00071384   0.31678610 358.94429412
583.83294987   6.85672984   0.00071384   0.31678610 358.94429412
583.83294987   6.85672984   0.00071384   0.31671407 358.94479548
584.13294987   6.85672984   0.00071384   0.31671407 358.94479548
584.13294987   6.85672984   0.00071384   0.31664205 358.94529683
584.43294987   6.85672984   0.00071384   0.31664205 358.94529683
584.43294987   6.85672984   0.00071384   0.31657003 358.94579818
584.73294987   6.85672984   0.00071384   0.31657003 358.94579818
584.73294987   6.85672984   0.00071384   0.31649800 358.94629953
585.03294987   6.85672984   0.00071384   0.31649800 358.94629953
585.03294987   6.85672984   0.00071384   0.31642598 358.94680088
585.33294987   6.85672984   0.00071384   0.31642598 358.94680088
585.33294987   6.85672984   0.00071384   0.31635396 358.94730223
585.63294987   6.85672984   0.00071384   0.31635396 358.94730223
585.63294987   6.85672984   0.00071384   0.31628193 358.94780358
585.93294987   6.85672984   0.00071384   0.31628193 358.94780358
585.93294987   6.85672984   0.00071384   0.31620991 358.94830493
586.23294987   6.85672984   0.00071384   0.31620991 358.94830493
586.23294987   6.85672984   0.00071384   0.31613789 358.94880628
586.53294987   6.85672984   0.00071384   0.31613789 358.94880628
586.53294987   6.85672984   0.00071384   0.31606586 358.94930763
586.83294987   6.85672984   0.00071384   0.31606586 358.94930763
586.83294987   6.85672984   0.00071384   0.31599384 358.94980899
587.13294987   6.85672984   0.00071384   0.31599384 358.94980899
587.13294987   6.85672984   0.00071384   0.31592182 358.95031034
587.43294987   6.85672984   0.00071384   0.31592182 358.95031034
587.43294987   6.85672984   0.00071384   0.31584980 358.95081169
587.73294987   6.85672984   0.00071384   0.31584980 358.95081169
587.73294987   6.85672984   0.00071384   0.31577777 358.95131304
588.03294987   6.85672984   0.00071384   0.31577777 358.95131304
588.03294987   6.85672984   0.00071384   0.31570575 358.95181439
588.33294987   6.85672984   0.00071384   0.31570575 358.95181439
588.33294987   6.85672984   0.00071384   0.31563373 358.95231574
588.63294987   6.85672984   0.00071384   0.31563373 358.95231574
588.63294987   6.85672984   0.00071384   0.31556170 358.95281709
588.93294987   6.85672984   0.00071384   0.31556170 358.95281709
588.93294987   6.85672984   0.00071384   0.31548968 358.95331844
589.23294987   6.85672984   0.00071384   0.31548968 358.95331844
589.23294987   6.85672984   0.00071384   0.31541766 358.95381979
589.53294987   6.85672984   0.00071384   0.31541766 358.95381979
589.53294987   6.85672984   0.00071384   0.31534563 358.95432115
589.83294987   6.85672984   0.00071384   0.31534563 358.95432115
589.83294987   6.85672984   0.00071384   0.31527361 358.95482250
590.13294987   6.85672984   0.00071384   0.31527361 358.95482250
590.13294987   6.85672984   0.00071384   0.31520159 358.95532385
590.43294987   6.85672984   0.00071384   0.31520159 358.95532385
590.43294987   6.85672984   0.00071384   0.31512956 358.95582520
590.73294987   6.85672984   0.00071384   0.31512956 358.95582520
590.73294987   6.85672984   0.00071384   0.31505754 358.95632655
591.03294987   6.85672984   0.00071384   0.31505754 358.95632655
591.03294987   6.85672984   0.00071384   0.31498552 358.95682790
591.22922283   6.85672984   0.00071384   0.31498552 358.95682790
591.22922283   3.54682007   0.00080306   0.93142301 224.13048510
620.09186183   3.54682007   0.00080306   0.93142301 224.13048510
620.09186183   6.85672984   0.00071384   0.31997015  26.01203588
620.39186183   6.85672984   0.00071384   0.31997015  26.01203588
620.39186183   6.85672984   0.00071384   0.31940951  32.63035816
620.69186183   6.85672984   0.00071384   0.31940951  32.63035816
620.69186183   6.85672984   0.00071384   0.31884886  39.24868043
620.99186183   6.85672984   0.00071384   0.31884886  39.24868043
620.99186183   6.85672984   0.00071384   0.31828821  45.86700271
621.29186183   6.85672984   0.00071384   0.31828821  45.86700271
621.29186183   6.85672984   0.00071384   0.31772757  52.48532498
621.59186183   6.85672984   0.00071384   0.31772757  52.48532498
621.59186183   6.85672984   0.00071384   0.31716692  59.10364726
621.89186183   6.85672984   0.00071384   0.31716692  59.10364726
621.89186183   6.85672984   0.00071384   0.31660627  65.72196953
622.19186183   6.85672984   0.00071384   0.31660627  65.72196953
622.19186183   6.85672984   0.00071384   0.31604563  72.34029181
622.49186183   6.85672984   0.00071384   0.31604563  72.34029181
622.49186183   6.85672984   0.00071384   0.31548498  78.95861408
622.79186183   6.85672984   0.00071384   0.31548498  78.95861408
622.79186183   6.85672984   0.00071384   0.31492433  85.57693636
623.09186183   6.85672984   0.00071384   0.31492433  85.57693636
623.09186183   6.85672984   0.00071384   0.31436369  92.19525863
623.39186183   6.85672984   0.00071384   0.31436369  92.19525863
623.39186183   6.85672984   0.00071384   0.31380304  98.81358091
623.69186183   6.85672984   0.00071384   0.31380304  98.81358091
623.69186183   6.85672984   0.00071384   0.31324239 105.43190318
623.99186183   6.85672984   0.00071384   0.31324239 105.43190318
623.99186183   6.85672984   0.00071384   0.31268175 112.05022546
624.29186183   6.85672984   0.00071384   0.31268175 112.05022546
624.29186183   6.85672984   0.00071384   0.31212110 118.66854774
624.59186183   6.85672984   0.00071384   0.31212110 118.66854774
624.59186183   6.85672984   0.00071384   0.31156045 125.28687001
624.89186183   6.85672984   0.00071384   0.31156045 125.28687001
624.89186183   6.85672984   0.00071384   0.31099981 131.90519229
625.19186073   6.85672984   0.00071384   0.31099981 131.90519229
625.19186073   3.54682007   0.00080306   0.88051672 314.88874293
654.39535994   3.54682007   0.00080306   0.88051672 314.88874293
654.39535994   6.85672984   0.00071384   0.30999964 352.92164035
654.69535994   6.85672984   0.00071384   0.30999964 352.92164035
654.69535994   6.85672984   0.00071384   0.31053022 349.83739767
654.99535994   6.85672984   0.00071384   0.31053022 349.83739767
654.99535994   6.85672984   0.00071384   0.31106079 346.75315499
655.29535994   6.85672984   0.00071384   0.31106079 346.75315499
655.29535994   6.85672984   0.00071384   0.31159136 343.66891232
655.59535994   6.85672984   0.00071384   0.31159136 343.66891232
655.59535994   6.85672984   0.00071384   0.31212194 340.58466964
655.89535994   6.85672984   0.00071384   0.31212194 340.58466964
655.89535994   6.85672984   0.00071384   0.31265251 337.50042696
656.19535994   6.85672984   0.00071384   0.31265251 337.50042696
656.19535994   6.85672984   0.00071384   0.31318308 334.41618428
656.49535994   6.85672984   0.00071384   0.31318308 334.41618428
656.49535994   6.85672984   0.00071384   0.31371366 331.33194160
656.79535994   6.85672984   0.00071384   0.31371366 331.33194160
656.79535994   6.85672984   0.00071384   0.31424423 328.24769893
657.09535994   6.85672984   0.00071384   0.31424423 328.24769893
657.09535994   6.85672984   0.00071384   0.31477480 325.16345625
657.39535994   6.85672984   0.00071384   0.31477480 325.16345625
657.39535994   6.85672984   0.00071384   0.31530538 322.07921357
657.69535994   6.85672984   0.00071384   0.31530538 322.07921357
657.69535994   6.85672984   0.00071384   0.31583595 318.99497089
657.99535994   6.85672984   0.00071384   0.31583595 318.99497089
657.99535994   6.85672984   0.00071384   0.31636653 315.91072821
658.29535994   6.85672984   0.00071384   0.31636653 315.91072821
658.29535994   6.85672984   0.00071384   0.31689710 312.82648554
658.59535994   6.85672984   0.00071384   0.31689710 312.82648554
658.59535994   6.85672984   0.00071384   0.31742767 309.74224286
658.89535994   6.85672984   0.00071384   0.31742767 309.74224286
658.89535994   6.85672984   0.00071384   0.31795825 306.65800018
659.19535994   6.85672984   0.00071384   0.31795825 306.65800018
659.19535994   6.85672984   0.00071384   0.31848882 303.57375750
659.49535994   6.85672984   0.00071384   0.31848882 303.57375750
659.49535994   6.85672984   0.00071384   0.31901939 300.48951482
659.79535994   6.85672984   0.00071384   0.31901939 300.48951482
659.79535994   6.85672984   0.00071384   0.31954997 297.40527215
660.09535994   6.85672984   0.00071384   0.31954997 297.40527215
660.09535994   6.85672984   0.00071384   0.32008054 294.32102947
660.39535994   6.85672984   0.00071384   0.32008054 294.32102947
660.39535994   6.85672984   0.00071384   0.32061111 291.23678679
660.69535994   6.85672984   0.00071384   0.32061111 291.23678679
660.69535994   6.85672984   0.00071384   0.32114169 288.15254411
660.99535994   6.85672984   0.00071384   0.32114169 288.15254411
660.99535994   6.85672984   0.00071384   0.32167226 285.06830143
661.29535994   6.85672984   0.00071384   0.32167226 285.06830143
661.29535994   6.85672984   0.00071384   0.32220283 281.98405876
661.59535994   6.85672984   0.00071384   0.32220283 281.98405876
661.59535994   6.85672984   0.00071384   0.32273341 278.89981608
661.89535994   6.85672984   0.00071384   0.32273341 278.89981608
661.89535994   6.85672984   0.00071384   0.32326398 275.81557340
662.19535994   6.85672984   0.00071384   0.32326398 275.81557340
662.19535994   6.85672984   0.00071384   0.32379456 272.73133072
662.49535994   6.85672984   0.00071384   0.32379456 272.73133072
662.49535994   6.85672984   0.00071384   0.32432513 269.64708804
662.79535994   6.85672984   0.00071384   0.32432513 269.64708804
662.79535994   6.85672984   0.00071384   0.32485570 266.56284537
663.09535994   6.85672984   0.00071384   0.32485570 266.56284537
663.09535994   6.85672984   0.00071384   0.32538628 263.47860269
663.39535994   6.85672984   0.00071384   0.32538628 263.47860269
663.39535994   6.85672984   0.00071384   0.32591685 260.39436001
663.69535994   6.85672984   0.00071384   0.32591685 260.39436001
663.69535994   6.85672984   0.00071384   0.32644742 257.31011733
663.99535994   6.85672984   0.00071384   0.32644742 257.31011733
663.99535994   6.85672984   0.00071384   0.32697800 254.22587465
664.00711780   6.85672984   0.00071384   0.32697800 254.22587465
664.00711780   0.00000000   0.00000000   0.00000000 254.22587465
674.00711780   0.00000000   0.00000000   0.00000000 254.22587465
