# intensity: 1
# background: 0
#           Q (1/A)             dQ (1/A)                    R                   dR               theory              fresnel
           0.0107622 0.000270741282904113              1.02577            0.0324807    0.999999999999999                    1
           0.0111478 0.000280438414558901             0.970676            0.0214806    0.999999999999999                    1
           0.0115473 0.000290482918830008             0.993393            0.0216506    0.999999999999998                    1
            0.011961 0.000300886686222636             0.992462            0.0199317    0.999999999999999                    1
           0.0123895  0.00031166373054649               1.0164            0.0181914    0.999964394795127    0.999777382780077
           0.0128334 0.000322825942306776             0.986366            0.0174093    0.997598624448118    0.985188838192922
           0.0132932 0.000334388184634997             0.949372            0.0169351    0.971239286261558    0.833989055894093
           0.0137695 0.000346364471340858             0.841936             0.014663    0.891594533177077    0.493690375310193
           0.0142629 0.000358769665555865             0.720158            0.0122159    0.769218449895234    0.262641566987591
           0.0147739 0.000371619055072422             0.557785            0.0109042    0.607289017274849    0.169951945650467
           0.0153032 0.000384928352343836              0.39347           0.00561162    0.418113880632895    0.122511144285656
           0.0158515 0.000398714543806111             0.248802           0.00433268    0.243693926036243   0.0922949627557714
           0.0164194 0.000412994191234353              0.14073           0.00243133    0.126527004313391    0.071405650776388
           0.0170077 0.000427786404369069            0.0823879           0.00193577   0.0753719480311976   0.0562839993789783
           0.0176171 0.000443108169646265            0.0655087           0.00129092   0.0678668528752103   0.0449906440773309
           0.0182483 0.000458973500875646            0.0714279           0.00157164    0.076397116606981   0.0363608214427065
           0.0189021  0.00047541212432022            0.0761803           0.00140484   0.0836249652796264   0.0296480083600885
           0.0195793 0.000492441026415995            0.0788311           0.00136387   0.0828772845509726   0.0243520151153046
           0.0202808 0.000510077193598976             0.070994           0.00142723   0.0738561024009967   0.0201249031507878
           0.0210075 0.000528341858914169             0.057706           0.00110168   0.0592820897913076   0.0167182872023188
           0.0217601 0.000547264748624586            0.0411734          0.000803773   0.0429169150610307   0.0139512324879077
           0.0225398 0.000566862849166233            0.0269858          0.000662406   0.0282247672760165   0.0116862319190977
           0.0233473 0.000587165886802118            0.0164401          0.000505688   0.0174696209679997  0.00982005339223057
           0.0235841 0.000541943747545782            0.0129459          0.000466332    0.015050479901405  0.00933292136278883
           0.0244291 0.000561363490509368           0.00957505          0.000352908   0.0102642210471435  0.00787870724410265
           0.0253044 0.000581475430740188           0.00840726          0.000301801  0.00874502595800562  0.00666634351082165
            0.026211 0.000602313541110254           0.00864062           0.00031323  0.00871862464359641  0.00565281965890209
           0.0271501 0.000623894808055573           0.00882137          0.000272179  0.00862388428594687  0.00480321096073502
           0.0281228 0.000646253204448155           0.00804244          0.000265555  0.00764655800410505  0.00408885750040495
           0.0291304 0.000669414209942009           0.00607444          0.000185536  0.00584475061991261  0.00348650776355224
           0.0301741 0.000693403304191144            0.0046066          0.000158619  0.00387805572999719  0.00297736509519359
           0.0312552 0.000718254460067572           0.00328667          0.000124997  0.00251203560172206  0.00254603957744034
           0.0323751 0.000743997403834302           0.00281238          0.000110687  0.00214070243631561  0.00217987832477437
            0.033535 0.000770661861754344           0.00296024          0.000127717  0.00257011628533679  0.00186849306399042
           0.0347365 0.000798290299917713           0.00320436          0.000136324  0.00317737097649352  0.00160304839178758
           0.0358914 0.000794926985588573            0.0033088          0.000107423  0.00334449026389524  0.00139101082640847
           0.0371773  0.00082343447181524            0.0028389              9.1e-05  0.00283558234245728  0.00119580676588693
           0.0385093 0.000852965390811255            0.0019315             7.36e-05  0.00190915774545128  0.00102868513418074
           0.0398891 0.000883553715448628           0.00126904             5.36e-05  0.00115212241837934 0.000885541994430223
           0.0413182 0.000915250405035377           0.00111589             4.92e-05 0.000996613007499402 0.000762838119080222
           0.0427986  0.00094808093922551           0.00156961             5.26e-05  0.00137050807890378 0.000657535077370653
            0.044332 0.000982096277327045           0.00179798             5.21e-05  0.00177465043415912 0.000567092089092123
           0.0459204  0.00101733463882099           0.00176309             4.84e-05  0.00173928080429744 0.000489342476909782
           0.0475656  0.00105384698301538           0.00117892             3.67e-05  0.00125056125332336 0.000422460469051289
           0.0492699   0.0010916715293912           0.00080857             2.81e-05 0.000725247078100673 0.000364877305810112
           0.0510351  0.00113085923725649          0.000579042             2.44e-05 0.000539783884839758  0.00031527691692943
           0.0528637  0.00117146106591926          0.000618811             2.45e-05 0.000620741076364388 0.000272519337132512
           0.0547577  0.00121353222129653          0.000684498             2.38e-05 0.000594793535860184 0.000235645498275305
           0.0567196  0.00125711941608731          0.000649447             2.45e-05 0.000336237605710952 0.000203826708078765
           0.0587518  0.00130228210281763          0.000624877             2.08e-05   0.0001777259792348 0.000176357417945197
           0.0608568   0.0013490797340135          0.000723817             2.28e-05 0.000423969427067208 0.000152632849330999
           0.0630372  0.00139756751559194          0.000856862             2.35e-05 0.000825937039469059 0.000132134205747748
           0.0652957  0.00144781339329698          0.000779223             2.13e-05 0.000873170676500849 0.000114416152406623
           0.0676352  0.00149988106626363          0.000678525             1.93e-05 0.000555379093985157 9.90955052022689e-05
           0.0700585  0.00155383848023593          0.000618855             1.74e-05 0.000370235624096929  8.5844176635553e-05
           0.0725686   0.0016097578275669          0.000624539             1.78e-05 0.000500053631059605 7.43792167449099e-05
           0.0751686  0.00166770705400055          0.000549107             1.72e-05 0.000568657853026057 6.44570588084884e-05
           0.0778618  0.00172777109171692          0.000411964             1.44e-05 0.000389956146667028 5.58676172168249e-05
           0.0806515  0.00179001788646002          0.000324285              1.3e-05 0.000240809223745247 4.84302111037857e-05
           0.0835411  0.00185454086362791          0.000233314             1.04e-05 0.000221932678958775 4.19890151183294e-05
           0.0865343  0.00192142070879159          0.000178204              9.7e-06 0.000159315603365734 3.64141856602691e-05
           0.0896347   0.0019907466007401          0.000157514             1.04e-05 8.79720957561998e-05 3.18732477720159e-05
           0.0928462  0.00206261621148047          0.000120863             1.04e-05 8.37781147959493e-05 2.93481458490693e-05
