#     thickness (A)        interface (A)       rho (1e-6/A^2)      irho (1e-6/A^2)      rhoM (1e-6/A^2)      theta (degrees)
                   0      9.9997471907211     3.53290777610646 0.000343757537218438                    0     335.014513644035
    52.9998332662246     9.99957294427887      3.7994510678005 0.000860259006057921    0.999954541575106     335.014513644035
   0.299999999999997                    0     6.29841865258026 0.000655716329709213    0.316957074086202     299.310496627113
   0.299999999999997                    0     6.29841865258026 0.000655716329709213    0.317060790065204     298.530434908679
   0.299999999999997                    0     6.29841865258026 0.000655716329709213    0.317164506044206     297.750373190244
   0.299999999999997                    0     6.29841865258026 0.000655716329709213    0.317268222023208      296.97031147181
   0.299999999999997                    0     6.29841865258026 0.000655716329709213    0.317371938002211     296.190249753375
   0.299999999999997                    0     6.29841865258026 0.000655716329709213    0.317475653981213      295.41018803494
   0.299999999999997                    0     6.29841865258026 0.000655716329709213    0.317579369960215     294.630126316506
   0.299999999999997                    0     6.29841865258026 0.000655716329709213    0.317683085939217     293.850064598071
   0.299999999999997                    0     6.29841865258026 0.000655716329709213     0.31778680191822     293.070002879637
   0.299999999999997                    0     6.29841865258026 0.000655716329709213    0.317890517897222     292.289941161202
   0.299999999999997                    0     6.29841865258026 0.000655716329709213    0.317994233876224     291.509879442767
   0.299999999999997                    0     6.29841865258026 0.000655716329709213    0.318097949855227     290.729817724333
   0.299999999999997                    0     6.29841865258026 0.000655716329709213    0.318201665834229     289.949756005898
   0.299999999999997                    0     6.29841865258026 0.000655716329709213    0.318305381813231     289.169694287464
   0.299999999999997                    0     6.29841865258026 0.000655716329709213    0.318409097792233     288.389632569029
   0.299999999999997                    0     6.29841865258026 0.000655716329709213    0.318512813771236     287.609570850594
   0.299999999999997                    0     6.29841865258026 0.000655716329709213    0.318616529750238      286.82950913216
   0.299999999999997                    0     6.29841865258026 0.000655716329709213     0.31872024572924     286.049447413725
   0.299999999999997                    0     6.29841865258026 0.000655716329709213    0.318823961708242      285.26938569529
   0.299999999999997                    0     6.29841865258026 0.000655716329709213    0.318927677687245     284.489323976856
   0.299999999999997                    0     6.29841865258026 0.000655716329709213    0.319031393666247     283.709262258421
   0.299999999999997                    0     6.29841865258026 0.000655716329709213    0.319135109645249     282.929200539987
   0.299999999999997                    0     6.29841865258026 0.000655716329709213    0.319238825624251     282.149138821552
   0.299999999999997                    0     6.29841865258026 0.000655716329709213    0.319342541603254     281.369077103117
   0.299999999999997                    0     6.29841865258026 0.000655716329709213    0.319446257582256     280.589015384683
   0.299999999999997                    0     6.29841865258026 0.000655716329709213    0.319549973561258     279.808953666248
   0.299999999999997                    0     6.29841865258026 0.000655716329709213     0.31965368954026     279.028891947814
   0.299999999999997                    0     6.29841865258026 0.000655716329709213    0.319757405519263     278.248830229379
  0.0182028957379856     7.60458568294569     6.29841865258026 0.000655716329709213    0.319861121498265     277.468768510944
    42.4188549262315     9.99580831620632      3.7994510678005 0.000860259006057921    0.871699668179422      170.20470676371
   0.299999999999955                    0     6.29841865258026 0.000655716329709213    0.300475089334566     358.952987042981
   0.299999999999997                    0     6.29841865258026 0.000655716329709213    0.300240827596118     358.953954711119
   0.299999999999997                    0     6.29841865258026 0.000655716329709213    0.300006565857669     358.954922379257
   0.299999999999997                    0     6.29841865258026 0.000655716329709213    0.299772304119221     358.955890047395
   0.299999999999997                    0     6.29841865258026 0.000655716329709213    0.299538042380772     358.956857715533
   0.299999999999997                    0     6.29841865258026 0.000655716329709213    0.299303780642324     358.957825383671
   0.299999999999997                    0     6.29841865258026 0.000655716329709213    0.299069518903875     358.958793051809
   0.299999999999997                    0     6.29841865258026 0.000655716329709213    0.298835257165427     358.959760719947
   0.299999999999997                    0     6.29841865258026 0.000655716329709213    0.298600995426978     358.960728388085
   0.299999999999997                    0     6.29841865258026 0.000655716329709213     0.29836673368853     358.961696056223
   0.299999999999997                    0     6.29841865258026 0.000655716329709213    0.298132471950081     358.962663724361
   0.299999999999997                    0     6.29841865258026 0.000655716329709213    0.297898210211633     358.963631392499
   0.299999999999997                    0     6.29841865258026 0.000655716329709213    0.297663948473184     358.964599060637
   0.299999999999997                    0     6.29841865258026 0.000655716329709213    0.297429686734736     358.965566728775
   0.299999999999997                    0     6.29841865258026 0.000655716329709213    0.297195424996287     358.966534396913
   0.299999999999997                    0     6.29841865258026 0.000655716329709213    0.296961163257839     358.967502065051
   0.299999999999997                    0     6.29841865258026 0.000655716329709213    0.296726901519391      358.96846973319
   0.299999999999997                    0     6.29841865258026 0.000655716329709213    0.296492639780942     358.969437401328
   0.299999999999997                    0     6.29841865258026 0.000655716329709213    0.296258378042494     358.970405069466
   0.299999999999997                    0     6.29841865258026 0.000655716329709213    0.296024116304045     358.971372737604
   0.299999999999997                    0     6.29841865258026 0.000655716329709213    0.295789854565597     358.972340405742
   0.299999999999997                    0     6.29841865258026 0.000655716329709213    0.295555592827148      358.97330807388
   0.299999999999997                    0     6.29841865258026 0.000655716329709213      0.2953213310887     358.974275742018
   0.299999999999997                    0     6.29841865258026 0.000655716329709213    0.295087069350251     358.975243410156
   0.299999999999997                    0     6.29841865258026 0.000655716329709213    0.294852807611803     358.976211078294
   0.299999999999997                    0     6.29841865258026 0.000655716329709213    0.294618545873354     358.977178746432
   0.299999999999997                    0     6.29841865258026 0.000655716329709213    0.294384284134906      358.97814641457
   0.299999999999997                    0     6.29841865258026 0.000655716329709213    0.294150022396457     358.979114082708
   0.299999999999997                    0     6.29841865258026 0.000655716329709213    0.293915760658009     358.980081750846
   0.299999999999997                    0     6.29841865258026 0.000655716329709213    0.293681498919561     358.981049418984
   0.299999999999997                    0     6.29841865258026 0.000655716329709213    0.293447237181112     358.982017087122
   0.299999999999997                    0     6.29841865258026 0.000655716329709213    0.293212975442664      358.98298475526
   0.299999999999997                    0     6.29841865258026 0.000655716329709213    0.292978713704215     358.983952423398
   0.299999999999997                    0     6.29841865258026 0.000655716329709213    0.292744451965767     358.984920091536
   0.299999999999997                    0     6.29841865258026 0.000655716329709213    0.292510190227318     358.985887759674
   0.299999999999997                    0     6.29841865258026 0.000655716329709213     0.29227592848887     358.986855427812
   0.299999999999997                    0     6.29841865258026 0.000655716329709213    0.292041666750421      358.98782309595
   0.299999999999997                    0     6.29841865258026 0.000655716329709213    0.291807405011973     358.988790764088
   0.299999999999997                    0     6.29841865258026 0.000655716329709213    0.291573143273524     358.989758432226
   0.299999999999997                    0     6.29841865258026 0.000655716329709213    0.291338881535076     358.990726100365
   0.299999999999997                    0     6.29841865258026 0.000655716329709213    0.291104619796627     358.991693768503
   0.299999999999997                    0     6.29841865258026 0.000655716329709213    0.290870358058179     358.992661436641
   0.299999999999997                    0     6.29841865258026 0.000655716329709213     0.29063609631973     358.993629104779
   0.299999999999997                    0     6.29841865258026 0.000655716329709213    0.290401834581282     358.994596772917
   0.299999999999997                    0     6.29841865258026 0.000655716329709213    0.290167572842834     358.995564441055
   0.299999999999997                    0     6.29841865258026 0.000655716329709213    0.289933311104385     358.996532109193
   0.224467994919394     6.11474930565974     6.29841865258026 0.000655716329709213    0.289699049365937     358.997499777331
    43.3283982678228    0.500767518887966      3.7994510678005 0.000860259006057921       1.209837836636      348.63351301691
   0.299999999999898                    0     6.29841865258026 0.000655716329709213    0.310999951367485     292.170634193522
   0.300000000000011                    0     6.29841865258026 0.000655716329709213    0.310845864323206     290.542024626624
   0.300000000000011                    0     6.29841865258026 0.000655716329709213    0.310691777278927     288.913415059727
   0.300000000000011                    0     6.29841865258026 0.000655716329709213    0.310537690234648     287.284805492829
   0.300000000000011                    0     6.29841865258026 0.000655716329709213    0.310383603190369     285.656195925932
   0.300000000000011                    0     6.29841865258026 0.000655716329709213     0.31022951614609     284.027586359034
   0.300000000000011                    0     6.29841865258026 0.000655716329709213    0.310075429101811     282.398976792137
   0.300000000000011                    0     6.29841865258026 0.000655716329709213    0.309921342057532     280.770367225239
   0.300000000000011                    0     6.29841865258026 0.000655716329709213    0.309767255013253     279.141757658342
   0.300000000000011                    0     6.29841865258026 0.000655716329709213    0.309613167968974     277.513148091444
   0.300000000000011                    0     6.29841865258026 0.000655716329709213    0.309459080924695     275.884538524547
   0.300000000000011                    0     6.29841865258026 0.000655716329709213    0.309304993880416     274.255928957649
   0.300000000000011                    0     6.29841865258026 0.000655716329709213    0.309150906836137     272.627319390752
   0.300000000000011                    0     6.29841865258026 0.000655716329709213    0.308996819791858     270.998709823854
   0.300000000000011                    0     6.29841865258026 0.000655716329709213    0.308842732747579     269.370100256957
   0.300000000000011                    0     6.29841865258026 0.000655716329709213      0.3086886457033     267.741490690059
   0.300000000000011                    0     6.29841865258026 0.000655716329709213    0.308534558659021     266.112881123162
   0.300000000000011                    0     6.29841865258026 0.000655716329709213    0.308380471614742     264.484271556264
   0.300000000000011                    0     6.29841865258026 0.000655716329709213    0.308226384570463     262.855661989367
   0.300000000000011                    0     6.29841865258026 0.000655716329709213    0.308072297526184     261.227052422469
   0.300000000000011                    0     6.29841865258026 0.000655716329709213    0.307918210481905     259.598442855572
   0.300000000000011                    0     6.29841865258026 0.000655716329709213    0.307764123437626     257.969833288674
   0.300000000000011                    0     6.29841865258026 0.000655716329709213    0.307610036393347     256.341223721777
   0.300000000000011                    0     6.29841865258026 0.000655716329709213    0.307455949349068     254.712614154879
   0.300000000000011                    0     6.29841865258026 0.000655716329709213     0.30730186230479     253.084004587982
   0.300000000000011                    0     6.29841865258026 0.000655716329709213    0.307147775260511     251.455395021084
   0.300000000000011                    0     6.29841865258026 0.000655716329709213    0.306993688216232     249.826785454187
   0.300000000000011                    0     6.29841865258026 0.000655716329709213    0.306839601171953     248.198175887289
   0.300000000000011                    0     6.29841865258026 0.000655716329709213    0.306685514127674     246.569566320392
   0.300000000000011                    0     6.29841865258026 0.000655716329709213    0.306531427083395     244.940956753494
   0.300000000000011                    0     6.29841865258026 0.000655716329709213    0.306377340039116     243.312347186597
   0.300000000000011                    0     6.29841865258026 0.000655716329709213    0.306223252994837     241.683737619699
   0.300000000000011                    0     6.29841865258026 0.000655716329709213    0.306069165950558     240.055128052802
   0.300000000000011                    0     6.29841865258026 0.000655716329709213    0.305915078906279     238.426518485904
   0.300000000000011                    0     6.29841865258026 0.000655716329709213       0.305760991862     236.797908919007
   0.300000000000011                    0     6.29841865258026 0.000655716329709213    0.305606904817721      235.16929935211
   0.300000000000011                    0     6.29841865258026 0.000655716329709213    0.305452817773442     233.540689785212
   0.300000000000011                    0     6.29841865258026 0.000655716329709213    0.305298730729163     231.912080218315
   0.300000000000011                    0     6.29841865258026 0.000655716329709213    0.305144643684884     230.283470651417
   0.172007629285929    0.662982737777781     6.29841865258026 0.000655716329709213    0.304990556640605      228.65486108452
     40.815942185406    0.501465634656563      3.7994510678005 0.000860259006057921     1.13990444880657     188.732009947297
   0.300000000000125                    0     6.29841865258026 0.000655716329709213    0.312954163109906     358.866909081258
   0.300000000000011                    0     6.29841865258026 0.000655716329709213    0.312658593774746      352.22137136047
   0.300000000000011                    0     6.29841865258026 0.000655716329709213    0.312363024439587     345.575833639682
   0.300000000000011                    0     6.29841865258026 0.000655716329709213    0.312067455104427     338.930295918894
   0.300000000000011                    0     6.29841865258026 0.000655716329709213    0.311771885769267     332.284758198106
   0.300000000000011                    0     6.29841865258026 0.000655716329709213    0.311476316434108     325.639220477318
   0.300000000000011                    0     6.29841865258026 0.000655716329709213    0.311180747098948      318.99368275653
   0.300000000000011                    0     6.29841865258026 0.000655716329709213    0.310885177763788     312.348145035742
   0.300000000000011                    0     6.29841865258026 0.000655716329709213    0.310589608428629     305.702607314954
   0.300000000000011                    0     6.29841865258026 0.000655716329709213    0.310294039093469     299.057069594165
   0.300000000000011                    0     6.29841865258026 0.000655716329709213    0.309998469758309     292.411531873377
   0.300000000000011                    0     6.29841865258026 0.000655716329709213     0.30970290042315     285.765994152589
   0.300000000000011                    0     6.29841865258026 0.000655716329709213     0.30940733108799     279.120456431801
   0.300000000000011                    0     6.29841865258026 0.000655716329709213     0.30911176175283     272.474918711013
   0.300000000000011                    0     6.29841865258026 0.000655716329709213    0.308816192417671     265.829380990225
   0.300000000000011                    0     6.29841865258026 0.000655716329709213    0.308520623082511     259.183843269437
   0.300000000000011                    0     6.29841865258026 0.000655716329709213    0.308225053747351     252.538305548649
   0.300000000000011                    0     6.29841865258026 0.000655716329709213    0.307929484412192     245.892767827861
   0.300000000000011                    0     6.29841865258026 0.000655716329709213    0.307633915077032     239.247230107073
   0.300000000000011                    0     6.29841865258026 0.000655716329709213    0.307338345741872     232.601692386285
   0.300000000000011                    0     6.29841865258026 0.000655716329709213    0.307042776406713     225.956154665497
   0.300000000000011                    0     6.29841865258026 0.000655716329709213    0.306747207071553     219.310616944709
   0.300000000000011                    0     6.29841865258026 0.000655716329709213    0.306451637736393     212.665079223921
   0.300000000000011                    0     6.29841865258026 0.000655716329709213    0.306156068401234     206.019541503133
   0.300000000000011                    0     6.29841865258026 0.000655716329709213    0.305860499066074     199.374003782345
   0.300000000000011                    0     6.29841865258026 0.000655716329709213    0.305564929730914     192.728466061557
   0.300000000000011                    0     6.29841865258026 0.000655716329709213    0.305269360395755     186.082928340769
   0.300000000000011                    0     6.29841865258026 0.000655716329709213    0.304973791060595     179.437390619981
   0.300000000000011                    0     6.29841865258026 0.000655716329709213    0.304678221725436     172.791852899193
   0.300000000000011                    0     6.29841865258026 0.000655716329709213    0.304382652390276     166.146315178405
   0.300000000000011                    0     6.29841865258026 0.000655716329709213    0.304087083055116     159.500777457617
   0.300000000000011                    0     6.29841865258026 0.000655716329709213    0.303791513719957     152.855239736829
   0.300000000000011                    0     6.29841865258026 0.000655716329709213    0.303495944384797     146.209702016041
   0.300000000000011                    0     6.29841865258026 0.000655716329709213    0.303200375049637     139.564164295253
   0.300000000000011                    0     6.29841865258026 0.000655716329709213    0.302904805714478     132.918626574465
   0.300000000000011                    0     6.29841865258026 0.000655716329709213    0.302609236379318     126.273088853677
   0.300000000000011                    0     6.29841865258026 0.000655716329709213    0.302313667044158     119.627551132889
   0.300000000000011                    0     6.29841865258026 0.000655716329709213    0.302018097708999     112.982013412101
   0.300000000000011                    0     6.29841865258026 0.000655716329709213    0.301722528373839     106.336475691313
   0.300000000000011                    0     6.29841865258026 0.000655716329709213    0.301426959038679     99.6909379705245
   0.300000000000011                    0     6.29841865258026 0.000655716329709213     0.30113138970352     93.0454002497365
   0.300000000000011                    0     6.29841865258026 0.000655716329709213     0.30083582036836     86.3998625289485
   0.300000000000011                    0     6.29841865258026 0.000655716329709213      0.3005402510332     79.7543248081604
   0.300000000000011                    0     6.29841865258026 0.000655716329709213    0.300244681698041     73.1087870873724
   0.300000000000011                    0     6.29841865258026 0.000655716329709213    0.299949112362881     66.4632493665844
   0.300000000000011                    0     6.29841865258026 0.000655716329709213    0.299653543027721     59.8177116457964
   0.300000000000011                    0     6.29841865258026 0.000655716329709213    0.299357973692562     53.1721739250083
   0.300000000000011                    0     6.29841865258026 0.000655716329709213    0.299062404357402     46.5266362042203
   0.300000000000011                    0     6.29841865258026 0.000655716329709213    0.298766835022242     39.8810984834323
   0.300000000000011                    0     6.29841865258026 0.000655716329709213    0.298471265687083     33.2355607626442
   0.300000000000011                    0     6.29841865258026 0.000655716329709213    0.298175696351923     26.5900230418562
   0.300000000000011                    0     6.29841865258026 0.000655716329709213    0.297880127016763     19.9444853210682
   0.300000000000011                    0     6.29841865258026 0.000655716329709213    0.297584557681604     13.2989476002801
   0.300000000000011                    0     6.29841865258026 0.000655716329709213    0.297288988346444     6.65340987949207
   0.198645789905669     9.99988896949397     6.29841865258026 0.000655716329709213    0.296993419011285  0.00787215870407524
    42.6973259324047    0.560695256011182      3.7994510678005 0.000860259006057921    0.940007908564727     351.516425534273
   0.300000000000409                    0     6.29841865258026 0.000655716329709213    0.304980396191854     182.773602658445
   0.300000000000011                    0     6.29841865258026 0.000655716329709213    0.305470173583333     182.737630129429
   0.300000000000011                    0     6.29841865258026 0.000655716329709213    0.305959950974812     182.701657600412
   0.300000000000011                    0     6.29841865258026 0.000655716329709213     0.30644972836629     182.665685071396
   0.300000000000011                    0     6.29841865258026 0.000655716329709213    0.306939505757769     182.629712542379
   0.300000000000011                    0     6.29841865258026 0.000655716329709213    0.307429283149248     182.593740013362
   0.300000000000011                    0     6.29841865258026 0.000655716329709213    0.307919060540727     182.557767484346
   0.300000000000011                    0     6.29841865258026 0.000655716329709213    0.308408837932206     182.521794955329
   0.300000000000011                    0     6.29841865258026 0.000655716329709213    0.308898615323684     182.485822426312
   0.300000000000011                    0     6.29841865258026 0.000655716329709213    0.309388392715163     182.449849897296
   0.300000000000011                    0     6.29841865258026 0.000655716329709213    0.309878170106642     182.413877368279
   0.300000000000011                    0     6.29841865258026 0.000655716329709213    0.310367947498121     182.377904839263
   0.300000000000011                    0     6.29841865258026 0.000655716329709213      0.3108577248896     182.341932310246
   0.300000000000011                    0     6.29841865258026 0.000655716329709213    0.311347502281078     182.305959781229
   0.300000000000011                    0     6.29841865258026 0.000655716329709213    0.311837279672557     182.269987252213
   0.300000000000011                    0     6.29841865258026 0.000655716329709213    0.312327057064036     182.234014723196
   0.300000000000011                    0     6.29841865258026 0.000655716329709213    0.312816834455515      182.19804219418
   0.300000000000011                    0     6.29841865258026 0.000655716329709213    0.313306611846994     182.162069665163
   0.300000000000011                    0     6.29841865258026 0.000655716329709213    0.313796389238473     182.126097136146
   0.300000000000011                    0     6.29841865258026 0.000655716329709213    0.314286166629951      182.09012460713
   0.300000000000011                    0     6.29841865258026 0.000655716329709213     0.31477594402143     182.054152078113
   0.300000000000011                    0     6.29841865258026 0.000655716329709213    0.315265721412909     182.018179549097
   0.300000000000011                    0     6.29841865258026 0.000655716329709213    0.315755498804388      181.98220702008
   0.300000000000011                    0     6.29841865258026 0.000655716329709213    0.316245276195867     181.946234491063
   0.300000000000011                    0     6.29841865258026 0.000655716329709213    0.316735053587345     181.910261962047
   0.300000000000011                    0     6.29841865258026 0.000655716329709213    0.317224830978824      181.87428943303
   0.300000000000011                    0     6.29841865258026 0.000655716329709213    0.317714608370303     181.838316904013
   0.300000000000011                    0     6.29841865258026 0.000655716329709213    0.318204385761782     181.802344374997
   0.300000000000011                    0     6.29841865258026 0.000655716329709213    0.318694163153261      181.76637184598
   0.300000000000011                    0     6.29841865258026 0.000655716329709213     0.31918394054474     181.730399316964
   0.300000000000011                    0     6.29841865258026 0.000655716329709213    0.319673717936218     181.694426787947
   0.300000000000011                    0     6.29841865258026 0.000655716329709213    0.320163495327697      181.65845425893
   0.300000000000011                    0     6.29841865258026 0.000655716329709213    0.320653272719176     181.622481729914
   0.300000000000011                    0     6.29841865258026 0.000655716329709213    0.321143050110655     181.586509200897
   0.300000000000011                    0     6.29841865258026 0.000655716329709213    0.321632827502134     181.550536671881
   0.300000000000011                    0     6.29841865258026 0.000655716329709213    0.322122604893612     181.514564142864
   0.300000000000011                    0     6.29841865258026 0.000655716329709213    0.322612382285091     181.478591613847
   0.300000000000011                    0     6.29841865258026 0.000655716329709213     0.32310215967657     181.442619084831
   0.300000000000011                    0     6.29841865258026 0.000655716329709213    0.323591937068049     181.406646555814
   0.300000000000011                    0     6.29841865258026 0.000655716329709213    0.324081714459528     181.370674026798
   0.300000000000011                    0     6.29841865258026 0.000655716329709213    0.324571491851006     181.334701497781
   0.300000000000011                    0     6.29841865258026 0.000655716329709213    0.325061269242485     181.298728968764
   0.300000000000011                    0     6.29841865258026 0.000655716329709213    0.325551046633964     181.262756439748
   0.300000000000011                    0     6.29841865258026 0.000655716329709213    0.326040824025443     181.226783910731
   0.300000000000011                    0     6.29841865258026 0.000655716329709213    0.326530601416922     181.190811381714
   0.300000000000011                    0     6.29841865258026 0.000655716329709213    0.327020378808401     181.154838852698
   0.300000000000011                    0     6.29841865258026 0.000655716329709213    0.327510156199879     181.118866323681
  0.0560354360745237    0.510747751920681     6.29841865258026 0.000655716329709213    0.327999933591358     181.082893794665
    43.9375438524062    0.514197505392952      3.7994510678005 0.000860259006057921     1.19994441909978     355.578677291994
   0.300000000000693                    0     6.29841865258026 0.000655716329709213    0.298987731961702     24.3177708264089
   0.300000000000011                    0     6.29841865258026 0.000655716329709213    0.298987831469588     25.0300008332747
   0.300000000000011                    0     6.29841865258026 0.000655716329709213    0.298987930977474     25.7422308401404
   0.300000000000011                    0     6.29841865258026 0.000655716329709213     0.29898803048536     26.4544608470062
   0.300000000000011                    0     6.29841865258026 0.000655716329709213    0.298988129993246      27.166690853872
   0.300000000000011                    0     6.29841865258026 0.000655716329709213    0.298988229501132     27.8789208607378
   0.300000000000011                    0     6.29841865258026 0.000655716329709213    0.298988329009018     28.5911508676035
   0.300000000000011                    0     6.29841865258026 0.000655716329709213    0.298988428516904     29.3033808744693
   0.300000000000011                    0     6.29841865258026 0.000655716329709213     0.29898852802479     30.0156108813351
   0.300000000000011                    0     6.29841865258026 0.000655716329709213    0.298988627532676     30.7278408882008
   0.300000000000011                    0     6.29841865258026 0.000655716329709213    0.298988727040562     31.4400708950666
   0.300000000000011                    0     6.29841865258026 0.000655716329709213    0.298988826548447     32.1523009019324
   0.300000000000011                    0     6.29841865258026 0.000655716329709213    0.298988926056333     32.8645309087981
   0.300000000000011                    0     6.29841865258026 0.000655716329709213    0.298989025564219     33.5767609156639
   0.300000000000011                    0     6.29841865258026 0.000655716329709213    0.298989125072105     34.2889909225297
   0.300000000000011                    0     6.29841865258026 0.000655716329709213    0.298989224579991     35.0012209293954
   0.300000000000011                    0     6.29841865258026 0.000655716329709213    0.298989324087877     35.7134509362612
   0.300000000000011                    0     6.29841865258026 0.000655716329709213    0.298989423595763      36.425680943127
   0.300000000000011                    0     6.29841865258026 0.000655716329709213    0.298989523103649     37.1379109499927
   0.300000000000011                    0     6.29841865258026 0.000655716329709213    0.298989622611535     37.8501409568585
   0.300000000000011                    0     6.29841865258026 0.000655716329709213    0.298989722119421     38.5623709637243
   0.300000000000011                    0     6.29841865258026 0.000655716329709213    0.298989821627307     39.2746009705901
   0.300000000000011                    0     6.29841865258026 0.000655716329709213    0.298989921135193     39.9868309774558
   0.300000000000011                    0     6.29841865258026 0.000655716329709213    0.298990020643079     40.6990609843216
   0.300000000000011                    0     6.29841865258026 0.000655716329709213    0.298990120150965     41.4112909911874
   0.300000000000011                    0     6.29841865258026 0.000655716329709213    0.298990219658851     42.1235209980531
   0.300000000000011                    0     6.29841865258026 0.000655716329709213    0.298990319166737     42.8357510049189
   0.300000000000011                    0     6.29841865258026 0.000655716329709213    0.298990418674623     43.5479810117847
   0.300000000000011                    0     6.29841865258026 0.000655716329709213    0.298990518182509     44.2602110186504
   0.300000000000011                    0     6.29841865258026 0.000655716329709213    0.298990617690395     44.9724410255162
   0.300000000000011                    0     6.29841865258026 0.000655716329709213    0.298990717198281      45.684671032382
   0.300000000000011                    0     6.29841865258026 0.000655716329709213    0.298990816706167     46.3969010392477
   0.300000000000011                    0     6.29841865258026 0.000655716329709213    0.298990916214053     47.1091310461135
   0.228435604462845    0.509255753703585     6.29841865258026 0.000655716329709213    0.298991015721939     47.8213610529793
    42.4285731618806    0.508365748215991      3.7994510678005 0.000860259006057921    0.840143784527861     184.246392496896
   0.300000000000864                    0     6.29841865258026 0.000655716329709213    0.327992557699377     358.958698803892
   0.300000000000011                    0     6.29841865258026 0.000655716329709213    0.328073985939353     358.959598457514
   0.300000000000011                    0     6.29841865258026 0.000655716329709213     0.32815541417933     358.960498111137
   0.300000000000011                    0     6.29841865258026 0.000655716329709213    0.328236842419306     358.961397764759
   0.300000000000011                    0     6.29841865258026 0.000655716329709213    0.328318270659282     358.962297418382
   0.300000000000011                    0     6.29841865258026 0.000655716329709213    0.328399698899259     358.963197072004
   0.300000000000011                    0     6.29841865258026 0.000655716329709213    0.328481127139235     358.964096725627
   0.300000000000011                    0     6.29841865258026 0.000655716329709213    0.328562555379211     358.964996379249
   0.300000000000011                    0     6.29841865258026 0.000655716329709213    0.328643983619188     358.965896032872
   0.300000000000011                    0     6.29841865258026 0.000655716329709213    0.328725411859164     358.966795686494
   0.300000000000011                    0     6.29841865258026 0.000655716329709213     0.32880684009914     358.967695340117
   0.300000000000011                    0     6.29841865258026 0.000655716329709213    0.328888268339116     358.968594993739
   0.300000000000011                    0     6.29841865258026 0.000655716329709213    0.328969696579093     358.969494647362
   0.300000000000011                    0     6.29841865258026 0.000655716329709213    0.329051124819069     358.970394300984
   0.300000000000011                    0     6.29841865258026 0.000655716329709213    0.329132553059045     358.971293954607
   0.300000000000011                    0     6.29841865258026 0.000655716329709213    0.329213981299022     358.972193608229
   0.300000000000011                    0     6.29841865258026 0.000655716329709213    0.329295409538998     358.973093261852
   0.300000000000011                    0     6.29841865258026 0.000655716329709213    0.329376837778974     358.973992915474
   0.300000000000011                    0     6.29841865258026 0.000655716329709213    0.329458266018951     358.974892569097
   0.300000000000011                    0     6.29841865258026 0.000655716329709213    0.329539694258927     358.975792222719
   0.300000000000011                    0     6.29841865258026 0.000655716329709213    0.329621122498903     358.976691876342
   0.300000000000011                    0     6.29841865258026 0.000655716329709213     0.32970255073888     358.977591529965
   0.300000000000011                    0     6.29841865258026 0.000655716329709213    0.329783978978856     358.978491183587
   0.300000000000011                    0     6.29841865258026 0.000655716329709213    0.329865407218832      358.97939083721
   0.300000000000011                    0     6.29841865258026 0.000655716329709213    0.329946835458808     358.980290490832
   0.300000000000011                    0     6.29841865258026 0.000655716329709213    0.330028263698785     358.981190144455
   0.300000000000011                    0     6.29841865258026 0.000655716329709213    0.330109691938761     358.982089798077
   0.300000000000011                    0     6.29841865258026 0.000655716329709213    0.330191120178737       358.9829894517
   0.300000000000011                    0     6.29841865258026 0.000655716329709213    0.330272548418714     358.983889105322
   0.300000000000011                    0     6.29841865258026 0.000655716329709213     0.33035397665869     358.984788758945
   0.300000000000011                    0     6.29841865258026 0.000655716329709213    0.330435404898666     358.985688412567
   0.300000000000011                    0     6.29841865258026 0.000655716329709213    0.330516833138643      358.98658806619
   0.300000000000011                    0     6.29841865258026 0.000655716329709213    0.330598261378619     358.987487719812
   0.300000000000011                    0     6.29841865258026 0.000655716329709213    0.330679689618595     358.988387373435
   0.300000000000011                    0     6.29841865258026 0.000655716329709213    0.330761117858571     358.989287027057
   0.300000000000011                    0     6.29841865258026 0.000655716329709213    0.330842546098548      358.99018668068
   0.200176464489857    0.524806232348498     6.29841865258026 0.000655716329709213    0.330923974338524     358.991086334302
    41.6828170721365    0.572371200713462      3.7994510678005 0.000860259006057921    0.870005127957691     184.019590872811
   0.300000000001091                    0     6.29841865258026 0.000655716329709213    0.316709763439764     155.981828747608
   0.300000000000011                    0     6.29841865258026 0.000655716329709213    0.316306793710897     156.368361703347
   0.300000000000011                    0     6.29841865258026 0.000655716329709213    0.315903823982031     156.754894659086
   0.300000000000011                    0     6.29841865258026 0.000655716329709213    0.315500854253164     157.141427614825
   0.300000000000011                    0     6.29841865258026 0.000655716329709213    0.315097884524297     157.527960570565
   0.300000000000011                    0     6.29841865258026 0.000655716329709213    0.314694914795431     157.914493526304
   0.300000000000011                    0     6.29841865258026 0.000655716329709213    0.314291945066564     158.301026482043
   0.300000000000011                    0     6.29841865258026 0.000655716329709213    0.313888975337698     158.687559437783
   0.300000000000011                    0     6.29841865258026 0.000655716329709213    0.313486005608831     159.074092393522
   0.300000000000011                    0     6.29841865258026 0.000655716329709213    0.313083035879964     159.460625349261
   0.300000000000011                    0     6.29841865258026 0.000655716329709213    0.312680066151098     159.847158305001
   0.300000000000011                    0     6.29841865258026 0.000655716329709213    0.312277096422231      160.23369126074
   0.300000000000011                    0     6.29841865258026 0.000655716329709213    0.311874126693365     160.620224216479
   0.300000000000011                    0     6.29841865258026 0.000655716329709213    0.311471156964498     161.006757172219
   0.300000000000011                    0     6.29841865258026 0.000655716329709213    0.311068187235632     161.393290127958
   0.300000000000011                    0     6.29841865258026 0.000655716329709213    0.310665217506765     161.779823083697
   0.300000000000011                    0     6.29841865258026 0.000655716329709213    0.310262247777898     162.166356039437
   0.300000000000011                    0     6.29841865258026 0.000655716329709213    0.309859278049032     162.552888995176
   0.300000000000011                    0     6.29841865258026 0.000655716329709213    0.309456308320165     162.939421950915
   0.300000000000011                    0     6.29841865258026 0.000655716329709213    0.309053338591299     163.325954906654
   0.300000000000011                    0     6.29841865258026 0.000655716329709213    0.308650368862432     163.712487862394
   0.300000000000011                    0     6.29841865258026 0.000655716329709213    0.308247399133566     164.099020818133
   0.300000000000011                    0     6.29841865258026 0.000655716329709213    0.307844429404699     164.485553773872
   0.300000000000011                    0     6.29841865258026 0.000655716329709213    0.307441459675832     164.872086729612
   0.300000000000011                    0     6.29841865258026 0.000655716329709213    0.307038489946966     165.258619685351
   0.300000000000011                    0     6.29841865258026 0.000655716329709213    0.306635520218099      165.64515264109
   0.300000000000011                    0     6.29841865258026 0.000655716329709213    0.306232550489233      166.03168559683
   0.300000000000011                    0     6.29841865258026 0.000655716329709213    0.305829580760366     166.418218552569
   0.300000000000011                    0     6.29841865258026 0.000655716329709213    0.305426611031499     166.804751508308
   0.300000000000011                    0     6.29841865258026 0.000655716329709213    0.305023641302633     167.191284464048
   0.300000000000011                    0     6.29841865258026 0.000655716329709213    0.304620671573766     167.577817419787
   0.300000000000011                    0     6.29841865258026 0.000655716329709213      0.3042177018449     167.964350375526
   0.300000000000011                    0     6.29841865258026 0.000655716329709213    0.303814732116033     168.350883331266
   0.300000000000011                    0     6.29841865258026 0.000655716329709213    0.303411762387167     168.737416287005
   0.300000000000011                    0     6.29841865258026 0.000655716329709213      0.3030087926583     169.123949242744
   0.300000000000011                    0     6.29841865258026 0.000655716329709213    0.302605822929433     169.510482198483
   0.300000000000011                    0     6.29841865258026 0.000655716329709213    0.302202853200567     169.897015154223
   0.300000000000011                    0     6.29841865258026 0.000655716329709213      0.3017998834717     170.283548109962
   0.300000000000011                    0     6.29841865258026 0.000655716329709213    0.301396913742834     170.670081065701
  0.0702427209931216    0.508462541989219     6.29841865258026 0.000655716329709213    0.300993944013967     171.056614021441
    35.9486574876952    0.524148735503563      3.7994510678005 0.000860259006057921    0.930006808773394     353.524599609704
   0.300000000001319                    0     6.29841865258026 0.000655716329709213    0.303982672234503     160.587546604144
   0.300000000000011                    0     6.29841865258026 0.000655716329709213    0.304107927915876     160.740207651615
   0.300000000000011                    0     6.29841865258026 0.000655716329709213    0.304233183597248     160.892868699087
   0.300000000000011                    0     6.29841865258026 0.000655716329709213     0.30435843927862     161.045529746558
   0.300000000000011                    0     6.29841865258026 0.000655716329709213    0.304483694959993      161.19819079403
   0.300000000000011                    0     6.29841865258026 0.000655716329709213    0.304608950641365     161.350851841501
   0.300000000000011                    0     6.29841865258026 0.000655716329709213    0.304734206322738     161.503512888973
   0.300000000000011                    0     6.29841865258026 0.000655716329709213     0.30485946200411     161.656173936444
   0.300000000000011                    0     6.29841865258026 0.000655716329709213    0.304984717685482     161.808834983916
   0.300000000000011                    0     6.29841865258026 0.000655716329709213    0.305109973366855     161.961496031387
   0.300000000000011                    0     6.29841865258026 0.000655716329709213    0.305235229048227     162.114157078858
   0.300000000000011                    0     6.29841865258026 0.000655716329709213    0.305360484729599      162.26681812633
   0.300000000000011                    0     6.29841865258026 0.000655716329709213    0.305485740410972     162.419479173801
   0.300000000000011                    0     6.29841865258026 0.000655716329709213    0.305610996092344     162.572140221273
   0.300000000000011                    0     6.29841865258026 0.000655716329709213    0.305736251773716     162.724801268744
   0.300000000000011                    0     6.29841865258026 0.000655716329709213    0.305861507455089     162.877462316216
   0.300000000000011                    0     6.29841865258026 0.000655716329709213    0.305986763136461     163.030123363687
   0.300000000000011                    0     6.29841865258026 0.000655716329709213    0.306112018817833     163.182784411159
   0.300000000000011                    0     6.29841865258026 0.000655716329709213    0.306237274499206      163.33544545863
   0.300000000000011                    0     6.29841865258026 0.000655716329709213    0.306362530180578     163.488106506102
   0.300000000000011                    0     6.29841865258026 0.000655716329709213     0.30648778586195     163.640767553573
   0.300000000000011                    0     6.29841865258026 0.000655716329709213    0.306613041543323     163.793428601045
   0.300000000000011                    0     6.29841865258026 0.000655716329709213    0.306738297224695     163.946089648516
   0.300000000000011                    0     6.29841865258026 0.000655716329709213    0.306863552906067     164.098750695988
   0.300000000000011                    0     6.29841865258026 0.000655716329709213     0.30698880858744     164.251411743459
   0.300000000000011                    0     6.29841865258026 0.000655716329709213    0.307114064268812      164.40407279093
   0.300000000000011                    0     6.29841865258026 0.000655716329709213    0.307239319950184     164.556733838402
   0.300000000000011                    0     6.29841865258026 0.000655716329709213    0.307364575631557     164.709394885873
   0.300000000000011                    0     6.29841865258026 0.000655716329709213    0.307489831312929     164.862055933345
   0.300000000000011                    0     6.29841865258026 0.000655716329709213    0.307615086994301     165.014716980816
   0.300000000000011                    0     6.29841865258026 0.000655716329709213    0.307740342675674     165.167378028288
   0.300000000000011                    0     6.29841865258026 0.000655716329709213    0.307865598357046     165.320039075759
   0.300000000000011                    0     6.29841865258026 0.000655716329709213    0.307990854038418     165.472700123231
   0.300000000000011                    0     6.29841865258026 0.000655716329709213    0.308116109719791     165.625361170702
   0.300000000000011                    0     6.29841865258026 0.000655716329709213    0.308241365401163     165.778022218174
   0.300000000000011                    0     6.29841865258026 0.000655716329709213    0.308366621082535     165.930683265645
   0.300000000000011                    0     6.29841865258026 0.000655716329709213    0.308491876763908     166.083344313117
   0.300000000000011                    0     6.29841865258026 0.000655716329709213     0.30861713244528     166.236005360588
   0.300000000000011                    0     6.29841865258026 0.000655716329709213    0.308742388126652      166.38866640806
   0.300000000000011                    0     6.29841865258026 0.000655716329709213    0.308867643808025     166.541327455531
   0.300000000000011                    0     6.29841865258026 0.000655716329709213    0.308992899489397     166.693988503002
   0.300000000000011                    0     6.29841865258026 0.000655716329709213    0.309118155170769     166.846649550474
   0.300000000000011                    0     6.29841865258026 0.000655716329709213    0.309243410852142     166.999310597945
   0.300000000000011                    0     6.29841865258026 0.000655716329709213    0.309368666533514     167.151971645417
   0.300000000000011                    0     6.29841865258026 0.000655716329709213    0.309493922214886     167.304632692888
   0.300000000000011                    0     6.29841865258026 0.000655716329709213    0.309619177896259      167.45729374036
   0.300000000000011                    0     6.29841865258026 0.000655716329709213    0.309744433577631     167.609954787831
  0.0956734048541534    0.612212642988095     6.29841865258026 0.000655716329709213    0.309869689259003     167.762615835303
    39.8263070289728     7.38415434566195      3.7994510678005 0.000860259006057921    0.830076436780398     356.174972866511
   0.300000000001546                    0     6.29841865258026 0.000655716329709213    0.316965319954186     151.963655981363
   0.299999999999955                    0     6.29841865258026 0.000655716329709213    0.316850421222565     152.043280225267
   0.299999999999955                    0     6.29841865258026 0.000655716329709213    0.316735522490945      152.12290446917
   0.299999999999955                    0     6.29841865258026 0.000655716329709213    0.316620623759325     152.202528713074
   0.299999999999955                    0     6.29841865258026 0.000655716329709213    0.316505725027705     152.282152956977
   0.299999999999955                    0     6.29841865258026 0.000655716329709213    0.316390826296085     152.361777200881
   0.299999999999955                    0     6.29841865258026 0.000655716329709213    0.316275927564465     152.441401444784
   0.299999999999955                    0     6.29841865258026 0.000655716329709213    0.316161028832844     152.521025688688
   0.299999999999955                    0     6.29841865258026 0.000655716329709213    0.316046130101224     152.600649932591
   0.299999999999955                    0     6.29841865258026 0.000655716329709213    0.315931231369604     152.680274176495
   0.299999999999955                    0     6.29841865258026 0.000655716329709213    0.315816332637984     152.759898420398
   0.299999999999955                    0     6.29841865258026 0.000655716329709213    0.315701433906364     152.839522664302
   0.299999999999955                    0     6.29841865258026 0.000655716329709213    0.315586535174744     152.919146908205
   0.299999999999955                    0     6.29841865258026 0.000655716329709213    0.315471636443124     152.998771152109
   0.299999999999955                    0     6.29841865258026 0.000655716329709213    0.315356737711503     153.078395396012
   0.299999999999955                    0     6.29841865258026 0.000655716329709213    0.315241838979883     153.158019639916
   0.299999999999955                    0     6.29841865258026 0.000655716329709213    0.315126940248263     153.237643883819
   0.299999999999955                    0     6.29841865258026 0.000655716329709213    0.315012041516643     153.317268127723
   0.299999999999955                    0     6.29841865258026 0.000655716329709213    0.314897142785023     153.396892371626
   0.299999999999955                    0     6.29841865258026 0.000655716329709213    0.314782244053403      153.47651661553
   0.299999999999955                    0     6.29841865258026 0.000655716329709213    0.314667345321783     153.556140859433
   0.299999999999955                    0     6.29841865258026 0.000655716329709213    0.314552446590162     153.635765103336
   0.299999999999955                    0     6.29841865258026 0.000655716329709213    0.314437547858542      153.71538934724
   0.299999999999955                    0     6.29841865258026 0.000655716329709213    0.314322649126922     153.795013591143
   0.299999999999955                    0     6.29841865258026 0.000655716329709213    0.314207750395302     153.874637835047
   0.299999999999955                    0     6.29841865258026 0.000655716329709213    0.314092851663682      153.95426207895
   0.299999999999955                    0     6.29841865258026 0.000655716329709213    0.313977952932062     154.033886322854
   0.299999999999955                    0     6.29841865258026 0.000655716329709213    0.313863054200442     154.113510566757
   0.299999999999955                    0     6.29841865258026 0.000655716329709213    0.313748155468821     154.193134810661
   0.299999999999955                    0     6.29841865258026 0.000655716329709213    0.313633256737201     154.272759054564
   0.299999999999955                    0     6.29841865258026 0.000655716329709213    0.313518358005581     154.352383298468
   0.299999999999955                    0     6.29841865258026 0.000655716329709213    0.313403459273961     154.432007542371
   0.299999999999955                    0     6.29841865258026 0.000655716329709213    0.313288560542341     154.511631786275
   0.299999999999955                    0     6.29841865258026 0.000655716329709213    0.313173661810721     154.591256030178
   0.299999999999955                    0     6.29841865258026 0.000655716329709213      0.3130587630791     154.670880274082
   0.299999999999955                    0     6.29841865258026 0.000655716329709213     0.31294386434748     154.750504517985
   0.299999999999955                    0     6.29841865258026 0.000655716329709213     0.31282896561586     154.830128761889
   0.299999999999955                    0     6.29841865258026 0.000655716329709213     0.31271406688424     154.909753005792
   0.299999999999955                    0     6.29841865258026 0.000655716329709213     0.31259916815262     154.989377249696
   0.299999999999955                    0     6.29841865258026 0.000655716329709213       0.312484269421     155.069001493599
   0.299999999999955                    0     6.29841865258026 0.000655716329709213     0.31236937068938     155.148625737503
   0.299999999999955                    0     6.29841865258026 0.000655716329709213    0.312254471957759     155.228249981406
   0.299999999999955                    0     6.29841865258026 0.000655716329709213    0.312139573226139     155.307874225309
   0.299999999999955                    0     6.29841865258026 0.000655716329709213    0.312024674494519     155.387498469213
   0.299999999999955                    0     6.29841865258026 0.000655716329709213    0.311909775762899     155.467122713116
   0.299999999999955                    0     6.29841865258026 0.000655716329709213    0.311794877031279      155.54674695702
   0.299999999999955                    0     6.29841865258026 0.000655716329709213    0.311679978299659     155.626371200923
   0.299999999999955                    0     6.29841865258026 0.000655716329709213    0.311565079568039     155.705995444827
   0.299999999999955                    0     6.29841865258026 0.000655716329709213    0.311450180836418      155.78561968873
   0.299999999999955                    0     6.29841865258026 0.000655716329709213    0.311335282104798     155.865243932634
   0.299999999999955                    0     6.29841865258026 0.000655716329709213    0.311220383373178     155.944868176537
   0.299999999999955                    0     6.29841865258026 0.000655716329709213    0.311105484641558     156.024492420441
    0.19985877999261    0.505983691074785     6.29841865258026 0.000655716329709213    0.310990585909938     156.104116664344
    32.4616686583483    0.501501034497367      3.7994510678005 0.000860259006057921     1.01261488866046     354.216848950769
   0.300000000000296                    0     6.29841865258026 0.000655716329709213    0.317998090790897     169.667814629907
   0.299999999999955                    0     6.29841865258026 0.000655716329709213    0.317695164970169     168.366343734618
   0.299999999999955                    0     6.29841865258026 0.000655716329709213    0.317392239149442     167.064872839329
   0.299999999999955                    0     6.29841865258026 0.000655716329709213    0.317089313328714      165.76340194404
   0.299999999999955                    0     6.29841865258026 0.000655716329709213    0.316786387507987     164.461931048751
   0.299999999999955                    0     6.29841865258026 0.000655716329709213    0.316483461687259     163.160460153462
   0.299999999999955                    0     6.29841865258026 0.000655716329709213    0.316180535866531     161.858989258173
   0.299999999999955                    0     6.29841865258026 0.000655716329709213    0.315877610045804     160.557518362884
   0.299999999999955                    0     6.29841865258026 0.000655716329709213    0.315574684225076     159.256047467595
   0.299999999999955                    0     6.29841865258026 0.000655716329709213    0.315271758404349     157.954576572306
   0.299999999999955                    0     6.29841865258026 0.000655716329709213    0.314968832583621     156.653105677017
   0.299999999999955                    0     6.29841865258026 0.000655716329709213    0.314665906762894     155.351634781728
   0.299999999999955                    0     6.29841865258026 0.000655716329709213    0.314362980942166     154.050163886439
   0.299999999999955                    0     6.29841865258026 0.000655716329709213    0.314060055121438      152.74869299115
   0.299999999999955                    0     6.29841865258026 0.000655716329709213    0.313757129300711     151.447222095861
   0.299999999999955                    0     6.29841865258026 0.000655716329709213    0.313454203479983     150.145751200572
   0.299999999999955                    0     6.29841865258026 0.000655716329709213    0.313151277659256     148.844280305283
   0.299999999999955                    0     6.29841865258026 0.000655716329709213    0.312848351838528     147.542809409994
   0.299999999999955                    0     6.29841865258026 0.000655716329709213    0.312545426017801     146.241338514705
   0.299999999999955                    0     6.29841865258026 0.000655716329709213    0.312242500197073     144.939867619416
   0.299999999999955                    0     6.29841865258026 0.000655716329709213    0.311939574376345     143.638396724127
   0.299999999999955                    0     6.29841865258026 0.000655716329709213    0.311636648555618     142.336925828838
   0.299999999999955                    0     6.29841865258026 0.000655716329709213     0.31133372273489     141.035454933548
   0.299999999999955                    0     6.29841865258026 0.000655716329709213    0.311030796914163     139.733984038259
   0.299999999999955                    0     6.29841865258026 0.000655716329709213    0.310727871093435      138.43251314297
   0.299999999999955                    0     6.29841865258026 0.000655716329709213    0.310424945272708     137.131042247681
   0.299999999999955                    0     6.29841865258026 0.000655716329709213     0.31012201945198     135.829571352392
   0.299999999999955                    0     6.29841865258026 0.000655716329709213    0.309819093631252     134.528100457103
   0.299999999999955                    0     6.29841865258026 0.000655716329709213    0.309516167810525     133.226629561814
   0.299999999999955                    0     6.29841865258026 0.000655716329709213    0.309213241989797     131.925158666525
   0.299999999999955                    0     6.29841865258026 0.000655716329709213     0.30891031616907     130.623687771236
   0.299999999999955                    0     6.29841865258026 0.000655716329709213    0.308607390348342     129.322216875947
   0.299999999999955                    0     6.29841865258026 0.000655716329709213    0.308304464527615     128.020745980658
   0.299999999999955                    0     6.29841865258026 0.000655716329709213    0.308001538706887     126.719275085369
   0.299999999999955                    0     6.29841865258026 0.000655716329709213    0.307698612886159      125.41780419008
   0.299999999999955                    0     6.29841865258026 0.000655716329709213    0.307395687065432     124.116333294791
   0.299999999999955                    0     6.29841865258026 0.000655716329709213    0.307092761244704     122.814862399502
   0.299999999999955                    0     6.29841865258026 0.000655716329709213    0.306789835423977     121.513391504213
   0.299999999999955                    0     6.29841865258026 0.000655716329709213    0.306486909603249     120.211920608924
   0.299999999999955                    0     6.29841865258026 0.000655716329709213    0.306183983782522     118.910449713635
   0.299999999999955                    0     6.29841865258026 0.000655716329709213    0.305881057961794     117.608978818346
   0.299999999999955                    0     6.29841865258026 0.000655716329709213    0.305578132141066     116.307507923057
   0.299999999999955                    0     6.29841865258026 0.000655716329709213    0.305275206320339     115.006037027768
   0.299999999999955                    0     6.29841865258026 0.000655716329709213    0.304972280499611     113.704566132479
   0.299999999999955                    0     6.29841865258026 0.000655716329709213    0.304669354678884      112.40309523719
   0.299999999999955                    0     6.29841865258026 0.000655716329709213    0.304366428858156     111.101624341901
   0.299999999999955                    0     6.29841865258026 0.000655716329709213    0.304063503037429     109.800153446612
   0.299999999999955                    0     6.29841865258026 0.000655716329709213    0.303760577216701     108.498682551323
   0.299999999999955                    0     6.29841865258026 0.000655716329709213    0.303457651395973     107.197211656034
   0.299999999999955                    0     6.29841865258026 0.000655716329709213    0.303154725575246     105.895740760745
   0.299999999999955                    0     6.29841865258026 0.000655716329709213    0.302851799754518     104.594269865456
   0.299999999999955                    0     6.29841865258026 0.000655716329709213    0.302548873933791     103.292798970167
   0.299999999999955                    0     6.29841865258026 0.000655716329709213    0.302245948113063     101.991328074878
   0.007680460232109     9.92692287625182     6.29841865258026 0.000655716329709213    0.301943022292336     100.689857179589
    33.4967386572627     3.87696091112561      3.7994510678005 0.000860259006057921     1.00991852149117     354.889657852964
   0.299999999999159                    0     6.29841865258026 0.000655716329709213     0.32299091844335     358.973919058594
   0.299999999999955                    0     6.29841865258026 0.000655716329709213    0.322259502099089     353.939129257996
   0.299999999999955                    0     6.29841865258026 0.000655716329709213    0.321528085754828     348.904339457398
   0.299999999999955                    0     6.29841865258026 0.000655716329709213    0.320796669410567     343.869549656801
   0.299999999999955                    0     6.29841865258026 0.000655716329709213    0.320065253066306     338.834759856203
   0.299999999999955                    0     6.29841865258026 0.000655716329709213    0.319333836722045     333.799970055606
   0.299999999999955                    0     6.29841865258026 0.000655716329709213    0.318602420377784     328.765180255008
   0.299999999999955                    0     6.29841865258026 0.000655716329709213    0.317871004033523      323.73039045441
   0.299999999999955                    0     6.29841865258026 0.000655716329709213    0.317139587689262     318.695600653813
   0.299999999999955                    0     6.29841865258026 0.000655716329709213    0.316408171345001     313.660810853215
   0.299999999999955                    0     6.29841865258026 0.000655716329709213    0.315676755000739     308.626021052618
   0.299999999999955                    0     6.29841865258026 0.000655716329709213    0.314945338656478      303.59123125202
   0.299999999999955                    0     6.29841865258026 0.000655716329709213    0.314213922312217     298.556441451423
   0.299999999999955                    0     6.29841865258026 0.000655716329709213    0.313482505967956     293.521651650825
   0.299999999999955                    0     6.29841865258026 0.000655716329709213    0.312751089623695     288.486861850227
   0.299999999999955                    0     6.29841865258026 0.000655716329709213    0.312019673279434      283.45207204963
   0.299999999999955                    0     6.29841865258026 0.000655716329709213    0.311288256935173     278.417282249032
   0.299999999999955                    0     6.29841865258026 0.000655716329709213    0.310556840590912     273.382492448435
   0.299999999999955                    0     6.29841865258026 0.000655716329709213    0.309825424246651     268.347702647837
   0.299999999999955                    0     6.29841865258026 0.000655716329709213     0.30909400790239      263.31291284724
   0.299999999999955                    0     6.29841865258026 0.000655716329709213    0.308362591558129     258.278123046642
   0.299999999999955                    0     6.29841865258026 0.000655716329709213    0.307631175213868     253.243333246044
   0.299999999999955                    0     6.29841865258026 0.000655716329709213    0.306899758869607     248.208543445447
   0.299999999999955                    0     6.29841865258026 0.000655716329709213    0.306168342525346     243.173753644849
   0.299999999999955                    0     6.29841865258026 0.000655716329709213    0.305436926181085     238.138963844252
   0.299999999999955                    0     6.29841865258026 0.000655716329709213    0.304705509836824     233.104174043654
   0.299999999999955                    0     6.29841865258026 0.000655716329709213    0.303974093492563     228.069384243057
   0.299999999999955                    0     6.29841865258026 0.000655716329709213    0.303242677148302     223.034594442459
   0.299999999999955                    0     6.29841865258026 0.000655716329709213    0.302511260804041     217.999804641861
   0.299999999999955                    0     6.29841865258026 0.000655716329709213    0.301779844459779     212.965014841264
   0.299999999999955                    0     6.29841865258026 0.000655716329709213    0.301048428115518     207.930225040666
   0.299999999999955                    0     6.29841865258026 0.000655716329709213    0.300317011771257     202.895435240069
   0.299999999999955                    0     6.29841865258026 0.000655716329709213    0.299585595426996     197.860645439471
   0.299999999999955                    0     6.29841865258026 0.000655716329709213    0.298854179082735     192.825855638874
   0.299999999999955                    0     6.29841865258026 0.000655716329709213    0.298122762738474     187.791065838276
   0.299999999999955                    0     6.29841865258026 0.000655716329709213    0.297391346394213     182.756276037678
   0.299999999999955                    0     6.29841865258026 0.000655716329709213    0.296659930049952     177.721486237081
   0.299999999999955                    0     6.29841865258026 0.000655716329709213    0.295928513705691     172.686696436483
   0.299999999999955                    0     6.29841865258026 0.000655716329709213     0.29519709736143     167.651906635886
   0.299999999999955                    0     6.29841865258026 0.000655716329709213    0.294465681017169     162.617116835288
   0.299999999999955                    0     6.29841865258026 0.000655716329709213    0.293734264672908      157.58232703469
   0.299999999999955                    0     6.29841865258026 0.000655716329709213    0.293002848328647     152.547537234093
   0.299999999999955                    0     6.29841865258026 0.000655716329709213    0.292271431984386     147.512747433495
   0.299999999999955                    0     6.29841865258026 0.000655716329709213    0.291540015640125     142.477957632898
   0.299999999999955                    0     6.29841865258026 0.000655716329709213    0.290808599295864       137.4431678323
   0.299999999999955                    0     6.29841865258026 0.000655716329709213    0.290077182951603     132.408378031703
   0.299999999999955                    0     6.29841865258026 0.000655716329709213    0.289345766607341     127.373588231105
   0.299999999999955                    0     6.29841865258026 0.000655716329709213     0.28861435026308     122.338798430507
   0.299999999999955                    0     6.29841865258026 0.000655716329709213    0.287882933918819      117.30400862991
   0.299999999999955                    0     6.29841865258026 0.000655716329709213    0.287151517574558     112.269218829312
  0.0967013482261336      9.3352388609775     6.29841865258026 0.000655716329709213    0.286420101230297     107.234429028715
    35.8963097124073     9.98886791640379      3.7994510678005 0.000860259006057921    0.986099081986671     10.5195780476756
   0.299999999998022                    0     6.29841865258026 0.000655716329709213     0.32993208313869     212.568494993113
   0.299999999999955                    0     6.29841865258026 0.000655716329709213    0.329867975102617     210.650494305184
   0.299999999999955                    0     6.29841865258026 0.000655716329709213    0.329803867066545     208.732493617254
   0.299999999999955                    0     6.29841865258026 0.000655716329709213    0.329739759030472     206.814492929325
   0.299999999999955                    0     6.29841865258026 0.000655716329709213    0.329675650994399     204.896492241395
   0.299999999999955                    0     6.29841865258026 0.000655716329709213    0.329611542958327     202.978491553466
   0.299999999999955                    0     6.29841865258026 0.000655716329709213    0.329547434922254     201.060490865536
   0.299999999999955                    0     6.29841865258026 0.000655716329709213    0.329483326886181     199.142490177607
   0.299999999999955                    0     6.29841865258026 0.000655716329709213    0.329419218850109     197.224489489677
   0.299999999999955                    0     6.29841865258026 0.000655716329709213    0.329355110814036     195.306488801748
   0.299999999999955                    0     6.29841865258026 0.000655716329709213    0.329291002777964     193.388488113818
   0.299999999999955                    0     6.29841865258026 0.000655716329709213    0.329226894741891     191.470487425889
   0.299999999999955                    0     6.29841865258026 0.000655716329709213    0.329162786705818     189.552486737959
   0.299999999999955                    0     6.29841865258026 0.000655716329709213    0.329098678669746      187.63448605003
   0.299999999999955                    0     6.29841865258026 0.000655716329709213    0.329034570633673       185.7164853621
   0.299999999999955                    0     6.29841865258026 0.000655716329709213      0.3289704625976     183.798484674171
   0.299999999999955                    0     6.29841865258026 0.000655716329709213    0.328906354561528     181.880483986241
   0.299999999999955                    0     6.29841865258026 0.000655716329709213    0.328842246525455     179.962483298312
   0.299999999999955                    0     6.29841865258026 0.000655716329709213    0.328778138489382     178.044482610382
   0.299999999999955                    0     6.29841865258026 0.000655716329709213     0.32871403045331     176.126481922453
   0.299999999999955                    0     6.29841865258026 0.000655716329709213    0.328649922417237     174.208481234523
   0.299999999999955                    0     6.29841865258026 0.000655716329709213    0.328585814381164     172.290480546594
   0.299999999999955                    0     6.29841865258026 0.000655716329709213    0.328521706345092     170.372479858664
   0.299999999999955                    0     6.29841865258026 0.000655716329709213    0.328457598309019     168.454479170735
   0.299999999999955                    0     6.29841865258026 0.000655716329709213    0.328393490272946     166.536478482805
   0.299999999999955                    0     6.29841865258026 0.000655716329709213    0.328329382236874     164.618477794876
   0.299999999999955                    0     6.29841865258026 0.000655716329709213    0.328265274200801     162.700477106946
   0.299999999999955                    0     6.29841865258026 0.000655716329709213    0.328201166164728     160.782476419017
   0.299999999999955                    0     6.29841865258026 0.000655716329709213    0.328137058128656     158.864475731087
   0.299999999999955                    0     6.29841865258026 0.000655716329709213    0.328072950092583     156.946475043158
   0.299999999999955                    0     6.29841865258026 0.000655716329709213     0.32800884205651     155.028474355228
   0.299999999999955                    0     6.29841865258026 0.000655716329709213    0.327944734020438     153.110473667299
   0.299999999999955                    0     6.29841865258026 0.000655716329709213    0.327880625984365     151.192472979369
   0.299999999999955                    0     6.29841865258026 0.000655716329709213    0.327816517948292      149.27447229144
   0.299999999999955                    0     6.29841865258026 0.000655716329709213     0.32775240991222      147.35647160351
   0.299999999999955                    0     6.29841865258026 0.000655716329709213    0.327688301876147     145.438470915581
   0.299999999999955                    0     6.29841865258026 0.000655716329709213    0.327624193840074     143.520470227651
   0.299999999999955                    0     6.29841865258026 0.000655716329709213    0.327560085804002     141.602469539722
   0.299999999999955                    0     6.29841865258026 0.000655716329709213    0.327495977767929     139.684468851792
   0.299999999999955                    0     6.29841865258026 0.000655716329709213    0.327431869731857     137.766468163863
   0.299999999999955                    0     6.29841865258026 0.000655716329709213    0.327367761695784     135.848467475933
   0.299999999999955                    0     6.29841865258026 0.000655716329709213    0.327303653659711     133.930466788004
   0.299999999999955                    0     6.29841865258026 0.000655716329709213    0.327239545623639     132.012466100074
   0.299999999999955                    0     6.29841865258026 0.000655716329709213    0.327175437587566     130.094465412145
   0.299999999999955                    0     6.29841865258026 0.000655716329709213    0.327111329551493     128.176464724215
   0.299999999999955                    0     6.29841865258026 0.000655716329709213    0.327047221515421     126.258464036286
   0.192439463758888     3.68884558381669     6.29841865258026 0.000655716329709213    0.326983113479348     124.340463348356
    33.6077504535261    0.510960866037825      3.7994510678005 0.000860259006057921    0.810053225600182     345.841679183118
   0.299999999996999                    0     6.29841865258026 0.000655716329709213    0.301842173750291     163.036887330645
   0.299999999999955                    0     6.29841865258026 0.000655716329709213     0.30216393058486     162.903330412693
   0.299999999999955                    0     6.29841865258026 0.000655716329709213    0.302485687419429     162.769773494741
   0.299999999999955                    0     6.29841865258026 0.000655716329709213    0.302807444253998      162.63621657679
   0.299999999999955                    0     6.29841865258026 0.000655716329709213    0.303129201088567     162.502659658838
   0.299999999999955                    0     6.29841865258026 0.000655716329709213    0.303450957923135     162.369102740886
   0.299999999999955                    0     6.29841865258026 0.000655716329709213    0.303772714757704     162.235545822935
   0.299999999999955                    0     6.29841865258026 0.000655716329709213    0.304094471592273     162.101988904983
   0.299999999999955                    0     6.29841865258026 0.000655716329709213    0.304416228426842     161.968431987031
   0.299999999999955                    0     6.29841865258026 0.000655716329709213    0.304737985261411      161.83487506908
   0.299999999999955                    0     6.29841865258026 0.000655716329709213    0.305059742095979     161.701318151128
   0.299999999999955                    0     6.29841865258026 0.000655716329709213    0.305381498930548     161.567761233176
   0.299999999999955                    0     6.29841865258026 0.000655716329709213    0.305703255765117     161.434204315225
   0.299999999999955                    0     6.29841865258026 0.000655716329709213    0.306025012599686     161.300647397273
   0.299999999999955                    0     6.29841865258026 0.000655716329709213    0.306346769434255     161.167090479321
   0.299999999999955                    0     6.29841865258026 0.000655716329709213    0.306668526268824      161.03353356137
   0.299999999999955                    0     6.29841865258026 0.000655716329709213    0.306990283103392     160.899976643418
   0.299999999999955                    0     6.29841865258026 0.000655716329709213    0.307312039937961     160.766419725466
   0.299999999999955                    0     6.29841865258026 0.000655716329709213     0.30763379677253     160.632862807515
   0.299999999999955                    0     6.29841865258026 0.000655716329709213    0.307955553607099     160.499305889563
   0.299999999999955                    0     6.29841865258026 0.000655716329709213    0.308277310441668     160.365748971611
   0.299999999999955                    0     6.29841865258026 0.000655716329709213    0.308599067276237      160.23219205366
   0.299999999999955                    0     6.29841865258026 0.000655716329709213    0.308920824110805     160.098635135708
   0.299999999999955                    0     6.29841865258026 0.000655716329709213    0.309242580945374     159.965078217756
   0.299999999999955                    0     6.29841865258026 0.000655716329709213    0.309564337779943     159.831521299805
   0.299999999999955                    0     6.29841865258026 0.000655716329709213    0.309886094614512     159.697964381853
   0.299999999999955                    0     6.29841865258026 0.000655716329709213    0.310207851449081     159.564407463901
   0.299999999999955                    0     6.29841865258026 0.000655716329709213    0.310529608283649      159.43085054595
   0.299999999999955                    0     6.29841865258026 0.000655716329709213    0.310851365118218     159.297293627998
   0.299999999999955                    0     6.29841865258026 0.000655716329709213    0.311173121952787     159.163736710046
   0.299999999999955                    0     6.29841865258026 0.000655716329709213    0.311494878787356     159.030179792094
   0.299999999999955                    0     6.29841865258026 0.000655716329709213    0.311816635621925     158.896622874143
   0.299999999999955                    0     6.29841865258026 0.000655716329709213    0.312138392456494     158.763065956191
   0.299999999999955                    0     6.29841865258026 0.000655716329709213    0.312460149291062     158.629509038239
   0.299999999999955                    0     6.29841865258026 0.000655716329709213    0.312781906125631     158.495952120288
   0.299999999999955                    0     6.29841865258026 0.000655716329709213      0.3131036629602     158.362395202336
   0.299999999999955                    0     6.29841865258026 0.000655716329709213    0.313425419794769     158.228838284384
   0.299999999999955                    0     6.29841865258026 0.000655716329709213    0.313747176629338     158.095281366433
   0.299999999999955                    0     6.29841865258026 0.000655716329709213    0.314068933463907     157.961724448481
   0.299999999999955                    0     6.29841865258026 0.000655716329709213    0.314390690298475     157.828167530529
   0.299999999999955                    0     6.29841865258026 0.000655716329709213    0.314712447133044     157.694610612578
   0.299999999999955                    0     6.29841865258026 0.000655716329709213    0.315034203967613     157.561053694626
   0.299999999999955                    0     6.29841865258026 0.000655716329709213    0.315355960802182     157.427496776674
   0.299999999999955                    0     6.29841865258026 0.000655716329709213    0.315677717636751     157.293939858723
   0.199105567180595    0.501594135056757     6.29841865258026 0.000655716329709213    0.315999474471319     157.160382940771
    22.0006096317354     9.99999046792726      3.7994510678005 0.000860259006057921      1.0599767576164     342.640155329561
   0.299999999995975                    0     6.29841865258026 0.000655716329709213    0.298997369842577     232.361903062772
   0.299999999999955                    0     6.29841865258026 0.000655716329709213     0.29947987451454     236.699376046094
   0.299999999999955                    0     6.29841865258026 0.000655716329709213    0.299962379186504     241.036849029416
   0.299999999999955                    0     6.29841865258026 0.000655716329709213    0.300444883858467     245.374322012738
   0.299999999999955                    0     6.29841865258026 0.000655716329709213    0.300927388530431     249.711794996059
   0.299999999999955                    0     6.29841865258026 0.000655716329709213    0.301409893202395     254.049267979381
   0.299999999999955                    0     6.29841865258026 0.000655716329709213    0.301892397874358     258.386740962703
   0.299999999999955                    0     6.29841865258026 0.000655716329709213    0.302374902546322     262.724213946025
   0.299999999999955                    0     6.29841865258026 0.000655716329709213    0.302857407218285     267.061686929347
   0.299999999999955                    0     6.29841865258026 0.000655716329709213    0.303339911890249     271.399159912669
   0.299999999999955                    0     6.29841865258026 0.000655716329709213    0.303822416562213     275.736632895991
   0.299999999999955                    0     6.29841865258026 0.000655716329709213    0.304304921234176     280.074105879313
   0.299999999999955                    0     6.29841865258026 0.000655716329709213     0.30478742590614     284.411578862634
   0.299999999999955                    0     6.29841865258026 0.000655716329709213    0.305269930578103     288.749051845956
   0.299999999999955                    0     6.29841865258026 0.000655716329709213    0.305752435250067     293.086524829278
   0.299999999999955                    0     6.29841865258026 0.000655716329709213     0.30623493992203       297.4239978126
   0.299999999999955                    0     6.29841865258026 0.000655716329709213    0.306717444593994     301.761470795922
   0.299999999999955                    0     6.29841865258026 0.000655716329709213    0.307199949265958     306.098943779244
   0.299999999999955                    0     6.29841865258026 0.000655716329709213    0.307682453937921     310.436416762566
   0.299999999999955                    0     6.29841865258026 0.000655716329709213    0.308164958609885     314.773889745887
   0.299999999999955                    0     6.29841865258026 0.000655716329709213    0.308647463281848     319.111362729209
   0.299999999999955                    0     6.29841865258026 0.000655716329709213    0.309129967953812     323.448835712531
   0.299999999999955                    0     6.29841865258026 0.000655716329709213    0.309612472625775     327.786308695853
   0.299999999999955                    0     6.29841865258026 0.000655716329709213    0.310094977297739     332.123781679175
   0.299999999999955                    0     6.29841865258026 0.000655716329709213    0.310577481969703     336.461254662497
   0.299999999999955                    0     6.29841865258026 0.000655716329709213    0.311059986641666     340.798727645819
   0.299999999999955                    0     6.29841865258026 0.000655716329709213     0.31154249131363      345.13620062914
   0.299999999999955                    0     6.29841865258026 0.000655716329709213    0.312024995985593     349.473673612462
   0.299999999999955                    0     6.29841865258026 0.000655716329709213    0.312507500657557     353.811146595784
    0.10098505975327     1.42391069487906     6.29841865258026 0.000655716329709213     0.31299000532952     358.148619579106
                   0                    0                    0                    0                    0     358.148619579106
