#      z (A) rho (1e-6/A2) irho (1e-6/A2) rhoM (1e-6/A2) theta (degrees)
-10.00000000   3.53290778   0.00034376   0.00000000 335.01451364
  0.00000000   3.53290778   0.00034376   0.00000000 335.01451364
  0.00000000   3.79945107   0.00086026   0.99995454 335.01451364
 52.99983327   3.79945107   0.00086026   0.99995454 335.01451364
 52.99983327   6.29841865   0.00065572   0.31695707 299.31049663
 53.29983327   6.29841865   0.00065572   0.31695707 299.31049663
 53.29983327   6.29841865   0.00065572   0.31706079 298.53043491
 53.59983327   6.29841865   0.00065572   0.31706079 298.53043491
 53.59983327   6.29841865   0.00065572   0.31716451 297.75037319
 53.89983327   6.29841865   0.00065572   0.31716451 297.75037319
 53.89983327   6.29841865   0.00065572   0.31726822 296.97031147
 54.19983327   6.29841865   0.00065572   0.31726822 296.97031147
 54.19983327   6.29841865   0.00065572   0.31737194 296.19024975
 54.49983327   6.29841865   0.00065572   0.31737194 296.19024975
 54.49983327   6.29841865   0.00065572   0.31747565 295.41018803
 54.79983327   6.29841865   0.00065572   0.31747565 295.41018803
 54.79983327   6.29841865   0.00065572   0.31757937 294.63012632
 55.09983327   6.29841865   0.00065572   0.31757937 294.63012632
 55.09983327   6.29841865   0.00065572   0.31768309 293.85006460
 55.39983327   6.29841865   0.00065572   0.31768309 293.85006460
 55.39983327   6.29841865   0.00065572   0.31778680 293.07000288
 55.69983327   6.29841865   0.00065572   0.31778680 293.07000288
 55.69983327   6.29841865   0.00065572   0.31789052 292.28994116
 55.99983327   6.29841865   0.00065572   0.31789052 292.28994116
 55.99983327   6.29841865   0.00065572   0.31799423 291.50987944
 56.29983327   6.29841865   0.00065572   0.31799423 291.50987944
 56.29983327   6.29841865   0.00065572   0.31809795 290.72981772
 56.59983327   6.29841865   0.00065572   0.31809795 290.72981772
 56.59983327   6.29841865   0.00065572   0.31820167 289.94975601
 56.89983327   6.29841865   0.00065572   0.31820167 289.94975601
 56.89983327   6.29841865   0.00065572   0.31830538 289.16969429
 57.19983327   6.29841865   0.00065572   0.31830538 289.16969429
 57.19983327   6.29841865   0.00065572   0.31840910 288.38963257
 57.49983327   6.29841865   0.00065572   0.31840910 288.38963257
 57.49983327   6.29841865   0.00065572   0.31851281 287.60957085
 57.79983327   6.29841865   0.00065572   0.31851281 287.60957085
 57.79983327   6.29841865   0.00065572   0.31861653 286.82950913
 58.09983327   6.29841865   0.00065572   0.31861653 286.82950913
 58.09983327   6.29841865   0.00065572   0.31872025 286.04944741
 58.39983327   6.29841865   0.00065572   0.31872025 286.04944741
 58.39983327   6.29841865   0.00065572   0.31882396 285.26938570
 58.69983327   6.29841865   0.00065572   0.31882396 285.26938570
 58.69983327   6.29841865   0.00065572   0.31892768 284.48932398
 58.99983327   6.29841865   0.00065572   0.31892768 284.48932398
 58.99983327   6.29841865   0.00065572   0.31903139 283.70926226
 59.29983327   6.29841865   0.00065572   0.31903139 283.70926226
 59.29983327   6.29841865   0.00065572   0.31913511 282.92920054
 59.59983327   6.29841865   0.00065572   0.31913511 282.92920054
 59.59983327   6.29841865   0.00065572   0.31923883 282.14913882
 59.89983327   6.29841865   0.00065572   0.31923883 282.14913882
 59.89983327   6.29841865   0.00065572   0.31934254 281.36907710
 60.19983327   6.29841865   0.00065572   0.31934254 281.36907710
 60.19983327   6.29841865   0.00065572   0.31944626 280.58901538
 60.49983327   6.29841865   0.00065572   0.31944626 280.58901538
 60.49983327   6.29841865   0.00065572   0.31954997 279.80895367
 60.79983327   6.29841865   0.00065572   0.31954997 279.80895367
 60.79983327   6.29841865   0.00065572   0.31965369 279.02889195
 61.09983327   6.29841865   0.00065572   0.31965369 279.02889195
 61.09983327   6.29841865   0.00065572   0.31975741 278.24883023
 61.39983327   6.29841865   0.00065572   0.31975741 278.24883023
 61.39983327   6.29841865   0.00065572   0.31986112 277.46876851
 61.41803616   6.29841865   0.00065572   0.31986112 277.46876851
 61.41803616   3.79945107   0.00086026   0.87169967 170.20470676
103.83689109   3.79945107   0.00086026   0.87169967 170.20470676
103.83689109   6.29841865   0.00065572   0.30047509 358.95298704
104.13689109   6.29841865   0.00065572   0.30047509 358.95298704
104.13689109   6.29841865   0.00065572   0.30024083 358.95395471
104.43689109   6.29841865   0.00065572   0.30024083 358.95395471
104.43689109   6.29841865   0.00065572   0.30000657 358.95492238
104.73689109   6.29841865   0.00065572   0.30000657 358.95492238
104.73689109   6.29841865   0.00065572   0.29977230 358.95589005
105.03689109   6.29841865   0.00065572   0.29977230 358.95589005
105.03689109   6.29841865   0.00065572   0.29953804 358.95685772
105.33689109   6.29841865   0.00065572   0.29953804 358.95685772
105.33689109   6.29841865   0.00065572   0.29930378 358.95782538
105.63689109   6.29841865   0.00065572   0.29930378 358.95782538
105.63689109   6.29841865   0.00065572   0.29906952 358.95879305
105.93689109   6.29841865   0.00065572   0.29906952 358.95879305
105.93689109   6.29841865   0.00065572   0.29883526 358.95976072
106.23689109   6.29841865   0.00065572   0.29883526 358.95976072
106.23689109   6.29841865   0.00065572   0.29860100 358.96072839
106.53689109   6.29841865   0.00065572   0.29860100 358.96072839
106.53689109   6.29841865   0.00065572   0.29836673 358.96169606
106.83689109   6.29841865   0.00065572   0.29836673 358.96169606
106.83689109   6.29841865   0.00065572   0.29813247 358.96266372
107.13689109   6.29841865   0.00065572   0.29813247 358.96266372
107.13689109   6.29841865   0.00065572   0.29789821 358.96363139
107.43689109   6.29841865   0.00065572   0.29789821 358.96363139
107.43689109   6.29841865   0.00065572   0.29766395 358.96459906
107.73689109   6.29841865   0.00065572   0.29766395 358.96459906
107.73689109   6.29841865   0.00065572   0.29742969 358.96556673
108.03689109   6.29841865   0.00065572   0.29742969 358.96556673
108.03689109   6.29841865   0.00065572   0.29719542 358.96653440
108.33689109   6.29841865   0.00065572   0.29719542 358.96653440
108.33689109   6.29841865   0.00065572   0.29696116 358.96750207
108.63689109   6.29841865   0.00065572   0.29696116 358.96750207
108.63689109   6.29841865   0.00065572   0.29672690 358.96846973
108.93689109   6.29841865   0.00065572   0.29672690 358.96846973
108.93689109   6.29841865   0.00065572   0.29649264 358.96943740
109.23689109   6.29841865   0.00065572   0.29649264 358.96943740
109.23689109   6.29841865   0.00065572   0.29625838 358.97040507
109.53689109   6.29841865   0.00065572   0.29625838 358.97040507
109.53689109   6.29841865   0.00065572   0.29602412 358.97137274
109.83689109   6.29841865   0.00065572   0.29602412 358.97137274
109.83689109   6.29841865   0.00065572   0.29578985 358.97234041
110.13689109   6.29841865   0.00065572   0.29578985 358.97234041
110.13689109   6.29841865   0.00065572   0.29555559 358.97330807
110.43689109   6.29841865   0.00065572   0.29555559 358.97330807
110.43689109   6.29841865   0.00065572   0.29532133 358.97427574
110.73689109   6.29841865   0.00065572   0.29532133 358.97427574
110.73689109   6.29841865   0.00065572   0.29508707 358.97524341
111.03689109   6.29841865   0.00065572   0.29508707 358.97524341
111.03689109   6.29841865   0.00065572   0.29485281 358.97621108
111.33689109   6.29841865   0.00065572   0.29485281 358.97621108
111.33689109   6.29841865   0.00065572   0.29461855 358.97717875
111.63689109   6.29841865   0.00065572   0.29461855 358.97717875
111.63689109   6.29841865   0.00065572   0.29438428 358.97814641
111.93689109   6.29841865   0.00065572   0.29438428 358.97814641
111.93689109   6.29841865   0.00065572   0.29415002 358.97911408
112.23689109   6.29841865   0.00065572   0.29415002 358.97911408
112.23689109   6.29841865   0.00065572   0.29391576 358.98008175
112.53689109   6.29841865   0.00065572   0.29391576 358.98008175
112.53689109   6.29841865   0.00065572   0.29368150 358.98104942
112.83689109   6.29841865   0.00065572   0.29368150 358.98104942
112.83689109   6.29841865   0.00065572   0.29344724 358.98201709
113.13689109   6.29841865   0.00065572   0.29344724 358.98201709
113.13689109   6.29841865   0.00065572   0.29321298 358.98298476
113.43689109   6.29841865   0.00065572   0.29321298 358.98298476
113.43689109   6.29841865   0.00065572   0.29297871 358.98395242
113.73689109   6.29841865   0.00065572   0.29297871 358.98395242
113.73689109   6.29841865   0.00065572   0.29274445 358.98492009
114.03689109   6.29841865   0.00065572   0.29274445 358.98492009
114.03689109   6.29841865   0.00065572   0.29251019 358.98588776
114.33689109   6.29841865   0.00065572   0.29251019 358.98588776
114.33689109   6.29841865   0.00065572   0.29227593 358.98685543
114.63689109   6.29841865   0.00065572   0.29227593 358.98685543
114.63689109   6.29841865   0.00065572   0.29204167 358.98782310
114.93689109   6.29841865   0.00065572   0.29204167 358.98782310
114.93689109   6.29841865   0.00065572   0.29180741 358.98879076
115.23689109   6.29841865   0.00065572   0.29180741 358.98879076
115.23689109   6.29841865   0.00065572   0.29157314 358.98975843
115.53689109   6.29841865   0.00065572   0.29157314 358.98975843
115.53689109   6.29841865   0.00065572   0.29133888 358.99072610
115.83689109   6.29841865   0.00065572   0.29133888 358.99072610
115.83689109   6.29841865   0.00065572   0.29110462 358.99169377
116.13689109   6.29841865   0.00065572   0.29110462 358.99169377
116.13689109   6.29841865   0.00065572   0.29087036 358.99266144
116.43689109   6.29841865   0.00065572   0.29087036 358.99266144
116.43689109   6.29841865   0.00065572   0.29063610 358.99362910
116.73689109   6.29841865   0.00065572   0.29063610 358.99362910
116.73689109   6.29841865   0.00065572   0.29040183 358.99459677
117.03689109   6.29841865   0.00065572   0.29040183 358.99459677
117.03689109   6.29841865   0.00065572   0.29016757 358.99556444
117.33689109   6.29841865   0.00065572   0.29016757 358.99556444
117.33689109   6.29841865   0.00065572   0.28993331 358.99653211
117.63689109   6.29841865   0.00065572   0.28993331 358.99653211
117.63689109   6.29841865   0.00065572   0.28969905 358.99749978
117.86135908   6.29841865   0.00065572   0.28969905 358.99749978
117.86135908   3.79945107   0.00086026   1.20983784 348.63351302
161.18975735   3.79945107   0.00086026   1.20983784 348.63351302
161.18975735   6.29841865   0.00065572   0.31099995 292.17063419
161.48975735   6.29841865   0.00065572   0.31099995 292.17063419
161.48975735   6.29841865   0.00065572   0.31084586 290.54202463
161.78975735   6.29841865   0.00065572   0.31084586 290.54202463
161.78975735   6.29841865   0.00065572   0.31069178 288.91341506
162.08975735   6.29841865   0.00065572   0.31069178 288.91341506
162.08975735   6.29841865   0.00065572   0.31053769 287.28480549
162.38975735   6.29841865   0.00065572   0.31053769 287.28480549
162.38975735   6.29841865   0.00065572   0.31038360 285.65619593
162.68975735   6.29841865   0.00065572   0.31038360 285.65619593
162.68975735   6.29841865   0.00065572   0.31022952 284.02758636
162.98975735   6.29841865   0.00065572   0.31022952 284.02758636
162.98975735   6.29841865   0.00065572   0.31007543 282.39897679
163.28975735   6.29841865   0.00065572   0.31007543 282.39897679
163.28975735   6.29841865   0.00065572   0.30992134 280.77036723
163.58975735   6.29841865   0.00065572   0.30992134 280.77036723
163.58975735   6.29841865   0.00065572   0.30976726 279.14175766
163.88975735   6.29841865   0.00065572   0.30976726 279.14175766
163.88975735   6.29841865   0.00065572   0.30961317 277.51314809
164.18975735   6.29841865   0.00065572   0.30961317 277.51314809
164.18975735   6.29841865   0.00065572   0.30945908 275.88453852
164.48975735   6.29841865   0.00065572   0.30945908 275.88453852
164.48975735   6.29841865   0.00065572   0.30930499 274.25592896
164.78975735   6.29841865   0.00065572   0.30930499 274.25592896
164.78975735   6.29841865   0.00065572   0.30915091 272.62731939
165.08975735   6.29841865   0.00065572   0.30915091 272.62731939
165.08975735   6.29841865   0.00065572   0.30899682 270.99870982
165.38975735   6.29841865   0.00065572   0.30899682 270.99870982
165.38975735   6.29841865   0.00065572   0.30884273 269.37010026
165.68975735   6.29841865   0.00065572   0.30884273 269.37010026
165.68975735   6.29841865   0.00065572   0.30868865 267.74149069
165.98975735   6.29841865   0.00065572   0.30868865 267.74149069
165.98975735   6.29841865   0.00065572   0.30853456 266.11288112
166.28975735   6.29841865   0.00065572   0.30853456 266.11288112
166.28975735   6.29841865   0.00065572   0.30838047 264.48427156
166.58975735   6.29841865   0.00065572   0.30838047 264.48427156
166.58975735   6.29841865   0.00065572   0.30822638 262.85566199
166.88975735   6.29841865   0.00065572   0.30822638 262.85566199
166.88975735   6.29841865   0.00065572   0.30807230 261.22705242
167.18975735   6.29841865   0.00065572   0.30807230 261.22705242
167.18975735   6.29841865   0.00065572   0.30791821 259.59844286
167.48975735   6.29841865   0.00065572   0.30791821 259.59844286
167.48975735   6.29841865   0.00065572   0.30776412 257.96983329
167.78975735   6.29841865   0.00065572   0.30776412 257.96983329
167.78975735   6.29841865   0.00065572   0.30761004 256.34122372
168.08975735   6.29841865   0.00065572   0.30761004 256.34122372
168.08975735   6.29841865   0.00065572   0.30745595 254.71261415
168.38975735   6.29841865   0.00065572   0.30745595 254.71261415
168.38975735   6.29841865   0.00065572   0.30730186 253.08400459
168.68975735   6.29841865   0.00065572   0.30730186 253.08400459
168.68975735   6.29841865   0.00065572   0.30714778 251.45539502
168.98975735   6.29841865   0.00065572   0.30714778 251.45539502
168.98975735   6.29841865   0.00065572   0.30699369 249.82678545
169.28975735   6.29841865   0.00065572   0.30699369 249.82678545
169.28975735   6.29841865   0.00065572   0.30683960 248.19817589
169.58975735   6.29841865   0.00065572   0.30683960 248.19817589
169.58975735   6.29841865   0.00065572   0.30668551 246.56956632
169.88975735   6.29841865   0.00065572   0.30668551 246.56956632
169.88975735   6.29841865   0.00065572   0.30653143 244.94095675
170.18975735   6.29841865   0.00065572   0.30653143 244.94095675
170.18975735   6.29841865   0.00065572   0.30637734 243.31234719
170.48975735   6.29841865   0.00065572   0.30637734 243.31234719
170.48975735   6.29841865   0.00065572   0.30622325 241.68373762
170.78975735   6.29841865   0.00065572   0.30622325 241.68373762
170.78975735   6.29841865   0.00065572   0.30606917 240.05512805
171.08975735   6.29841865   0.00065572   0.30606917 240.05512805
171.08975735   6.29841865   0.00065572   0.30591508 238.42651849
171.38975735   6.29841865   0.00065572   0.30591508 238.42651849
171.38975735   6.29841865   0.00065572   0.30576099 236.79790892
171.68975735   6.29841865   0.00065572   0.30576099 236.79790892
171.68975735   6.29841865   0.00065572   0.30560690 235.16929935
171.98975735   6.29841865   0.00065572   0.30560690 235.16929935
171.98975735   6.29841865   0.00065572   0.30545282 233.54068979
172.28975735   6.29841865   0.00065572   0.30545282 233.54068979
172.28975735   6.29841865   0.00065572   0.30529873 231.91208022
172.58975735   6.29841865   0.00065572   0.30529873 231.91208022
172.58975735   6.29841865   0.00065572   0.30514464 230.28347065
172.88975735   6.29841865   0.00065572   0.30514464 230.28347065
172.88975735   6.29841865   0.00065572   0.30499056 228.65486108
173.06176498   6.29841865   0.00065572   0.30499056 228.65486108
173.06176498   3.79945107   0.00086026   1.13990445 188.73200995
213.87770717   3.79945107   0.00086026   1.13990445 188.73200995
213.87770717   6.29841865   0.00065572   0.31295416 358.86690908
214.17770717   6.29841865   0.00065572   0.31295416 358.86690908
214.17770717   6.29841865   0.00065572   0.31265859 352.22137136
214.47770717   6.29841865   0.00065572   0.31265859 352.22137136
214.47770717   6.29841865   0.00065572   0.31236302 345.57583364
214.77770717   6.29841865   0.00065572   0.31236302 345.57583364
214.77770717   6.29841865   0.00065572   0.31206746 338.93029592
215.07770717   6.29841865   0.00065572   0.31206746 338.93029592
215.07770717   6.29841865   0.00065572   0.31177189 332.28475820
215.37770717   6.29841865   0.00065572   0.31177189 332.28475820
215.37770717   6.29841865   0.00065572   0.31147632 325.63922048
215.67770717   6.29841865   0.00065572   0.31147632 325.63922048
215.67770717   6.29841865   0.00065572   0.31118075 318.99368276
215.97770717   6.29841865   0.00065572   0.31118075 318.99368276
215.97770717   6.29841865   0.00065572   0.31088518 312.34814504
216.27770717   6.29841865   0.00065572   0.31088518 312.34814504
216.27770717   6.29841865   0.00065572   0.31058961 305.70260731
216.57770717   6.29841865   0.00065572   0.31058961 305.70260731
216.57770717   6.29841865   0.00065572   0.31029404 299.05706959
216.87770717   6.29841865   0.00065572   0.31029404 299.05706959
216.87770717   6.29841865   0.00065572   0.30999847 292.41153187
217.17770717   6.29841865   0.00065572   0.30999847 292.41153187
217.17770717   6.29841865   0.00065572   0.30970290 285.76599415
217.47770717   6.29841865   0.00065572   0.30970290 285.76599415
217.47770717   6.29841865   0.00065572   0.30940733 279.12045643
217.77770717   6.29841865   0.00065572   0.30940733 279.12045643
217.77770717   6.29841865   0.00065572   0.30911176 272.47491871
218.07770717   6.29841865   0.00065572   0.30911176 272.47491871
218.07770717   6.29841865   0.00065572   0.30881619 265.82938099
218.37770717   6.29841865   0.00065572   0.30881619 265.82938099
218.37770717   6.29841865   0.00065572   0.30852062 259.18384327
218.67770717   6.29841865   0.00065572   0.30852062 259.18384327
218.67770717   6.29841865   0.00065572   0.30822505 252.53830555
218.97770717   6.29841865   0.00065572   0.30822505 252.53830555
218.97770717   6.29841865   0.00065572   0.30792948 245.89276783
219.27770717   6.29841865   0.00065572   0.30792948 245.89276783
219.27770717   6.29841865   0.00065572   0.30763392 239.24723011
219.57770717   6.29841865   0.00065572   0.30763392 239.24723011
219.57770717   6.29841865   0.00065572   0.30733835 232.60169239
219.87770717   6.29841865   0.00065572   0.30733835 232.60169239
219.87770717   6.29841865   0.00065572   0.30704278 225.95615467
220.17770717   6.29841865   0.00065572   0.30704278 225.95615467
220.17770717   6.29841865   0.00065572   0.30674721 219.31061694
220.47770717   6.29841865   0.00065572   0.30674721 219.31061694
220.47770717   6.29841865   0.00065572   0.30645164 212.66507922
220.77770717   6.29841865   0.00065572   0.30645164 212.66507922
220.77770717   6.29841865   0.00065572   0.30615607 206.01954150
221.07770717   6.29841865   0.00065572   0.30615607 206.01954150
221.07770717   6.29841865   0.00065572   0.30586050 199.37400378
221.37770717   6.29841865   0.00065572   0.30586050 199.37400378
221.37770717   6.29841865   0.00065572   0.30556493 192.72846606
221.67770717   6.29841865   0.00065572   0.30556493 192.72846606
221.67770717   6.29841865   0.00065572   0.30526936 186.08292834
221.97770717   6.29841865   0.00065572   0.30526936 186.08292834
221.97770717   6.29841865   0.00065572   0.30497379 179.43739062
222.27770717   6.29841865   0.00065572   0.30497379 179.43739062
222.27770717   6.29841865   0.00065572   0.30467822 172.79185290
222.57770717   6.29841865   0.00065572   0.30467822 172.79185290
222.57770717   6.29841865   0.00065572   0.30438265 166.14631518
222.87770717   6.29841865   0.00065572   0.30438265 166.14631518
222.87770717   6.29841865   0.00065572   0.30408708 159.50077746
223.17770717   6.29841865   0.00065572   0.30408708 159.50077746
223.17770717   6.29841865   0.00065572   0.30379151 152.85523974
223.47770717   6.29841865   0.00065572   0.30379151 152.85523974
223.47770717   6.29841865   0.00065572   0.30349594 146.20970202
223.77770717   6.29841865   0.00065572   0.30349594 146.20970202
223.77770717   6.29841865   0.00065572   0.30320038 139.56416430
224.07770717   6.29841865   0.00065572   0.30320038 139.56416430
224.07770717   6.29841865   0.00065572   0.30290481 132.91862657
224.37770717   6.29841865   0.00065572   0.30290481 132.91862657
224.37770717   6.29841865   0.00065572   0.30260924 126.27308885
224.67770717   6.29841865   0.00065572   0.30260924 126.27308885
224.67770717   6.29841865   0.00065572   0.30231367 119.62755113
224.97770717   6.29841865   0.00065572   0.30231367 119.62755113
224.97770717   6.29841865   0.00065572   0.30201810 112.98201341
225.27770717   6.29841865   0.00065572   0.30201810 112.98201341
225.27770717   6.29841865   0.00065572   0.30172253 106.33647569
225.57770717   6.29841865   0.00065572   0.30172253 106.33647569
225.57770717   6.29841865   0.00065572   0.30142696  99.69093797
225.87770717   6.29841865   0.00065572   0.30142696  99.69093797
225.87770717   6.29841865   0.00065572   0.30113139  93.04540025
226.17770717   6.29841865   0.00065572   0.30113139  93.04540025
226.17770717   6.29841865   0.00065572   0.30083582  86.39986253
226.47770717   6.29841865   0.00065572   0.30083582  86.39986253
226.47770717   6.29841865   0.00065572   0.30054025  79.75432481
226.77770717   6.29841865   0.00065572   0.30054025  79.75432481
226.77770717   6.29841865   0.00065572   0.30024468  73.10878709
227.07770717   6.29841865   0.00065572   0.30024468  73.10878709
227.07770717   6.29841865   0.00065572   0.29994911  66.46324937
227.37770717   6.29841865   0.00065572   0.29994911  66.46324937
227.37770717   6.29841865   0.00065572   0.29965354  59.81771165
227.67770717   6.29841865   0.00065572   0.29965354  59.81771165
227.67770717   6.29841865   0.00065572   0.29935797  53.17217393
227.97770717   6.29841865   0.00065572   0.29935797  53.17217393
227.97770717   6.29841865   0.00065572   0.29906240  46.52663620
228.27770717   6.29841865   0.00065572   0.29906240  46.52663620
228.27770717   6.29841865   0.00065572   0.29876684  39.88109848
228.57770717   6.29841865   0.00065572   0.29876684  39.88109848
228.57770717   6.29841865   0.00065572   0.29847127  33.23556076
228.87770717   6.29841865   0.00065572   0.29847127  33.23556076
228.87770717   6.29841865   0.00065572   0.29817570  26.59002304
229.17770717   6.29841865   0.00065572   0.29817570  26.59002304
229.17770717   6.29841865   0.00065572   0.29788013  19.94448532
229.47770717   6.29841865   0.00065572   0.29788013  19.94448532
229.47770717   6.29841865   0.00065572   0.29758456  13.29894760
229.77770717   6.29841865   0.00065572   0.29758456  13.29894760
229.77770717   6.29841865   0.00065572   0.29728899   6.65340988
230.07770717   6.29841865   0.00065572   0.29728899   6.65340988
230.07770717   6.29841865   0.00065572   0.29699342   0.00787216
230.27635296   6.29841865   0.00065572   0.29699342   0.00787216
230.27635296   3.79945107   0.00086026   0.94000791 351.51642553
272.97367889   3.79945107   0.00086026   0.94000791 351.51642553
272.97367889   6.29841865   0.00065572   0.30498040 182.77360266
273.27367889   6.29841865   0.00065572   0.30498040 182.77360266
273.27367889   6.29841865   0.00065572   0.30547017 182.73763013
273.57367889   6.29841865   0.00065572   0.30547017 182.73763013
273.57367889   6.29841865   0.00065572   0.30595995 182.70165760
273.87367889   6.29841865   0.00065572   0.30595995 182.70165760
273.87367889   6.29841865   0.00065572   0.30644973 182.66568507
274.17367889   6.29841865   0.00065572   0.30644973 182.66568507
274.17367889   6.29841865   0.00065572   0.30693951 182.62971254
274.47367889   6.29841865   0.00065572   0.30693951 182.62971254
274.47367889   6.29841865   0.00065572   0.30742928 182.59374001
274.77367889   6.29841865   0.00065572   0.30742928 182.59374001
274.77367889   6.29841865   0.00065572   0.30791906 182.55776748
275.07367889   6.29841865   0.00065572   0.30791906 182.55776748
275.07367889   6.29841865   0.00065572   0.30840884 182.52179496
275.37367889   6.29841865   0.00065572   0.30840884 182.52179496
275.37367889   6.29841865   0.00065572   0.30889862 182.48582243
275.67367889   6.29841865   0.00065572   0.30889862 182.48582243
275.67367889   6.29841865   0.00065572   0.30938839 182.44984990
275.97367889   6.29841865   0.00065572   0.30938839 182.44984990
275.97367889   6.29841865   0.00065572   0.30987817 182.41387737
276.27367889   6.29841865   0.00065572   0.30987817 182.41387737
276.27367889   6.29841865   0.00065572   0.31036795 182.37790484
276.57367889   6.29841865   0.00065572   0.31036795 182.37790484
276.57367889   6.29841865   0.00065572   0.31085772 182.34193231
276.87367889   6.29841865   0.00065572   0.31085772 182.34193231
276.87367889   6.29841865   0.00065572   0.31134750 182.30595978
277.17367889   6.29841865   0.00065572   0.31134750 182.30595978
277.17367889   6.29841865   0.00065572   0.31183728 182.26998725
277.47367889   6.29841865   0.00065572   0.31183728 182.26998725
277.47367889   6.29841865   0.00065572   0.31232706 182.23401472
277.77367889   6.29841865   0.00065572   0.31232706 182.23401472
277.77367889   6.29841865   0.00065572   0.31281683 182.19804219
278.07367889   6.29841865   0.00065572   0.31281683 182.19804219
278.07367889   6.29841865   0.00065572   0.31330661 182.16206967
278.37367889   6.29841865   0.00065572   0.31330661 182.16206967
278.37367889   6.29841865   0.00065572   0.31379639 182.12609714
278.67367889   6.29841865   0.00065572   0.31379639 182.12609714
278.67367889   6.29841865   0.00065572   0.31428617 182.09012461
278.97367889   6.29841865   0.00065572   0.31428617 182.09012461
278.97367889   6.29841865   0.00065572   0.31477594 182.05415208
279.27367889   6.29841865   0.00065572   0.31477594 182.05415208
279.27367889   6.29841865   0.00065572   0.31526572 182.01817955
279.57367889   6.29841865   0.00065572   0.31526572 182.01817955
279.57367889   6.29841865   0.00065572   0.31575550 181.98220702
279.87367889   6.29841865   0.00065572   0.31575550 181.98220702
279.87367889   6.29841865   0.00065572   0.31624528 181.94623449
280.17367889   6.29841865   0.00065572   0.31624528 181.94623449
280.17367889   6.29841865   0.00065572   0.31673505 181.91026196
280.47367889   6.29841865   0.00065572   0.31673505 181.91026196
280.47367889   6.29841865   0.00065572   0.31722483 181.87428943
280.77367889   6.29841865   0.00065572   0.31722483 181.87428943
280.77367889   6.29841865   0.00065572   0.31771461 181.83831690
281.07367889   6.29841865   0.00065572   0.31771461 181.83831690
281.07367889   6.29841865   0.00065572   0.31820439 181.80234437
281.37367889   6.29841865   0.00065572   0.31820439 181.80234437
281.37367889   6.29841865   0.00065572   0.31869416 181.76637185
281.67367889   6.29841865   0.00065572   0.31869416 181.76637185
281.67367889   6.29841865   0.00065572   0.31918394 181.73039932
281.97367889   6.29841865   0.00065572   0.31918394 181.73039932
281.97367889   6.29841865   0.00065572   0.31967372 181.69442679
282.27367889   6.29841865   0.00065572   0.31967372 181.69442679
282.27367889   6.29841865   0.00065572   0.32016350 181.65845426
282.57367889   6.29841865   0.00065572   0.32016350 181.65845426
282.57367889   6.29841865   0.00065572   0.32065327 181.62248173
282.87367889   6.29841865   0.00065572   0.32065327 181.62248173
282.87367889   6.29841865   0.00065572   0.32114305 181.58650920
283.17367889   6.29841865   0.00065572   0.32114305 181.58650920
283.17367889   6.29841865   0.00065572   0.32163283 181.55053667
283.47367889   6.29841865   0.00065572   0.32163283 181.55053667
283.47367889   6.29841865   0.00065572   0.32212260 181.51456414
283.77367889   6.29841865   0.00065572   0.32212260 181.51456414
283.77367889   6.29841865   0.00065572   0.32261238 181.47859161
284.07367889   6.29841865   0.00065572   0.32261238 181.47859161
284.07367889   6.29841865   0.00065572   0.32310216 181.44261908
284.37367889   6.29841865   0.00065572   0.32310216 181.44261908
284.37367889   6.29841865   0.00065572   0.32359194 181.40664656
284.67367889   6.29841865   0.00065572   0.32359194 181.40664656
284.67367889   6.29841865   0.00065572   0.32408171 181.37067403
284.97367889   6.29841865   0.00065572   0.32408171 181.37067403
284.97367889   6.29841865   0.00065572   0.32457149 181.33470150
285.27367889   6.29841865   0.00065572   0.32457149 181.33470150
285.27367889   6.29841865   0.00065572   0.32506127 181.29872897
285.57367889   6.29841865   0.00065572   0.32506127 181.29872897
285.57367889   6.29841865   0.00065572   0.32555105 181.26275644
285.87367889   6.29841865   0.00065572   0.32555105 181.26275644
285.87367889   6.29841865   0.00065572   0.32604082 181.22678391
286.17367889   6.29841865   0.00065572   0.32604082 181.22678391
286.17367889   6.29841865   0.00065572   0.32653060 181.19081138
286.47367889   6.29841865   0.00065572   0.32653060 181.19081138
286.47367889   6.29841865   0.00065572   0.32702038 181.15483885
286.77367889   6.29841865   0.00065572   0.32702038 181.15483885
286.77367889   6.29841865   0.00065572   0.32751016 181.11886632
287.07367889   6.29841865   0.00065572   0.32751016 181.11886632
287.07367889   6.29841865   0.00065572   0.32799993 181.08289379
287.12971432   6.29841865   0.00065572   0.32799993 181.08289379
287.12971432   3.79945107   0.00086026   1.19994442 355.57867729
331.06725818   3.79945107   0.00086026   1.19994442 355.57867729
331.06725818   6.29841865   0.00065572   0.29898773  24.31777083
331.36725818   6.29841865   0.00065572   0.29898773  24.31777083
331.36725818   6.29841865   0.00065572   0.29898783  25.03000083
331.66725818   6.29841865   0.00065572   0.29898783  25.03000083
331.66725818   6.29841865   0.00065572   0.29898793  25.74223084
331.96725818   6.29841865   0.00065572   0.29898793  25.74223084
331.96725818   6.29841865   0.00065572   0.29898803  26.45446085
332.26725818   6.29841865   0.00065572   0.29898803  26.45446085
332.26725818   6.29841865   0.00065572   0.29898813  27.16669085
332.56725818   6.29841865   0.00065572   0.29898813  27.16669085
332.56725818   6.29841865   0.00065572   0.29898823  27.87892086
332.86725818   6.29841865   0.00065572   0.29898823  27.87892086
332.86725818   6.29841865   0.00065572   0.29898833  28.59115087
333.16725818   6.29841865   0.00065572   0.29898833  28.59115087
333.16725818   6.29841865   0.00065572   0.29898843  29.30338087
333.46725818   6.29841865   0.00065572   0.29898843  29.30338087
333.46725818   6.29841865   0.00065572   0.29898853  30.01561088
333.76725818   6.29841865   0.00065572   0.29898853  30.01561088
333.76725818   6.29841865   0.00065572   0.29898863  30.72784089
334.06725818   6.29841865   0.00065572   0.29898863  30.72784089
334.06725818   6.29841865   0.00065572   0.29898873  31.44007090
334.36725818   6.29841865   0.00065572   0.29898873  31.44007090
334.36725818   6.29841865   0.00065572   0.29898883  32.15230090
334.66725818   6.29841865   0.00065572   0.29898883  32.15230090
334.66725818   6.29841865   0.00065572   0.29898893  32.86453091
334.96725818   6.29841865   0.00065572   0.29898893  32.86453091
334.96725818   6.29841865   0.00065572   0.29898903  33.57676092
335.26725818   6.29841865   0.00065572   0.29898903  33.57676092
335.26725818   6.29841865   0.00065572   0.29898913  34.28899092
335.56725818   6.29841865   0.00065572   0.29898913  34.28899092
335.56725818   6.29841865   0.00065572   0.29898922  35.00122093
335.86725818   6.29841865   0.00065572   0.29898922  35.00122093
335.86725818   6.29841865   0.00065572   0.29898932  35.71345094
336.16725818   6.29841865   0.00065572   0.29898932  35.71345094
336.16725818   6.29841865   0.00065572   0.29898942  36.42568094
336.46725818   6.29841865   0.00065572   0.29898942  36.42568094
336.46725818   6.29841865   0.00065572   0.29898952  37.13791095
336.76725818   6.29841865   0.00065572   0.29898952  37.13791095
336.76725818   6.29841865   0.00065572   0.29898962  37.85014096
337.06725818   6.29841865   0.00065572   0.29898962  37.85014096
337.06725818   6.29841865   0.00065572   0.29898972  38.56237096
337.36725818   6.29841865   0.00065572   0.29898972  38.56237096
337.36725818   6.29841865   0.00065572   0.29898982  39.27460097
337.66725818   6.29841865   0.00065572   0.29898982  39.27460097
337.66725818   6.29841865   0.00065572   0.29898992  39.98683098
337.96725818   6.29841865   0.00065572   0.29898992  39.98683098
337.96725818   6.29841865   0.00065572   0.29899002  40.69906098
338.26725818   6.29841865   0.00065572   0.29899002  40.69906098
338.26725818   6.29841865   0.00065572   0.29899012  41.41129099
338.56725818   6.29841865   0.00065572   0.29899012  41.41129099
338.56725818   6.29841865   0.00065572   0.29899022  42.12352100
338.86725818   6.29841865   0.00065572   0.29899022  42.12352100
338.86725818   6.29841865   0.00065572   0.29899032  42.83575100
339.16725818   6.29841865   0.00065572   0.29899032  42.83575100
339.16725818   6.29841865   0.00065572   0.29899042  43.54798101
339.46725818   6.29841865   0.00065572   0.29899042  43.54798101
339.46725818   6.29841865   0.00065572   0.29899052  44.26021102
339.76725818   6.29841865   0.00065572   0.29899052  44.26021102
339.76725818   6.29841865   0.00065572   0.29899062  44.97244103
340.06725818   6.29841865   0.00065572   0.29899062  44.97244103
340.06725818   6.29841865   0.00065572   0.29899072  45.68467103
340.36725818   6.29841865   0.00065572   0.29899072  45.68467103
340.36725818   6.29841865   0.00065572   0.29899082  46.39690104
340.66725818   6.29841865   0.00065572   0.29899082  46.39690104
340.66725818   6.29841865   0.00065572   0.29899092  47.10913105
340.96725818   6.29841865   0.00065572   0.29899092  47.10913105
340.96725818   6.29841865   0.00065572   0.29899102  47.82136105
341.19569378   6.29841865   0.00065572   0.29899102  47.82136105
341.19569378   3.79945107   0.00086026   0.84014378 184.24639250
383.62426694   3.79945107   0.00086026   0.84014378 184.24639250
383.62426694   6.29841865   0.00065572   0.32799256 358.95869880
383.92426694   6.29841865   0.00065572   0.32799256 358.95869880
383.92426694   6.29841865   0.00065572   0.32807399 358.95959846
384.22426694   6.29841865   0.00065572   0.32807399 358.95959846
384.22426694   6.29841865   0.00065572   0.32815541 358.96049811
384.52426694   6.29841865   0.00065572   0.32815541 358.96049811
384.52426694   6.29841865   0.00065572   0.32823684 358.96139776
384.82426694   6.29841865   0.00065572   0.32823684 358.96139776
384.82426694   6.29841865   0.00065572   0.32831827 358.96229742
385.12426694   6.29841865   0.00065572   0.32831827 358.96229742
385.12426694   6.29841865   0.00065572   0.32839970 358.96319707
385.42426694   6.29841865   0.00065572   0.32839970 358.96319707
385.42426694   6.29841865   0.00065572   0.32848113 358.96409673
385.72426694   6.29841865   0.00065572   0.32848113 358.96409673
385.72426694   6.29841865   0.00065572   0.32856256 358.96499638
386.02426694   6.29841865   0.00065572   0.32856256 358.96499638
386.02426694   6.29841865   0.00065572   0.32864398 358.96589603
386.32426694   6.29841865   0.00065572   0.32864398 358.96589603
386.32426694   6.29841865   0.00065572   0.32872541 358.96679569
386.62426694   6.29841865   0.00065572   0.32872541 358.96679569
386.62426694   6.29841865   0.00065572   0.32880684 358.96769534
386.92426694   6.29841865   0.00065572   0.32880684 358.96769534
386.92426694   6.29841865   0.00065572   0.32888827 358.96859499
387.22426694   6.29841865   0.00065572   0.32888827 358.96859499
387.22426694   6.29841865   0.00065572   0.32896970 358.96949465
387.52426694   6.29841865   0.00065572   0.32896970 358.96949465
387.52426694   6.29841865   0.00065572   0.32905112 358.97039430
387.82426694   6.29841865   0.00065572   0.32905112 358.97039430
387.82426694   6.29841865   0.00065572   0.32913255 358.97129395
388.12426694   6.29841865   0.00065572   0.32913255 358.97129395
388.12426694   6.29841865   0.00065572   0.32921398 358.97219361
388.42426694   6.29841865   0.00065572   0.32921398 358.97219361
388.42426694   6.29841865   0.00065572   0.32929541 358.97309326
388.72426694   6.29841865   0.00065572   0.32929541 358.97309326
388.72426694   6.29841865   0.00065572   0.32937684 358.97399292
389.02426694   6.29841865   0.00065572   0.32937684 358.97399292
389.02426694   6.29841865   0.00065572   0.32945827 358.97489257
389.32426694   6.29841865   0.00065572   0.32945827 358.97489257
389.32426694   6.29841865   0.00065572   0.32953969 358.97579222
389.62426694   6.29841865   0.00065572   0.32953969 358.97579222
389.62426694   6.29841865   0.00065572   0.32962112 358.97669188
389.92426694   6.29841865   0.00065572   0.32962112 358.97669188
389.92426694   6.29841865   0.00065572   0.32970255 358.97759153
390.22426694   6.29841865   0.00065572   0.32970255 358.97759153
390.22426694   6.29841865   0.00065572   0.32978398 358.97849118
390.52426694   6.29841865   0.00065572   0.32978398 358.97849118
390.52426694   6.29841865   0.00065572   0.32986541 358.97939084
390.82426694   6.29841865   0.00065572   0.32986541 358.97939084
390.82426694   6.29841865   0.00065572   0.32994684 358.98029049
391.12426694   6.29841865   0.00065572   0.32994684 358.98029049
391.12426694   6.29841865   0.00065572   0.33002826 358.98119014
391.42426694   6.29841865   0.00065572   0.33002826 358.98119014
391.42426694   6.29841865   0.00065572   0.33010969 358.98208980
391.72426694   6.29841865   0.00065572   0.33010969 358.98208980
391.72426694   6.29841865   0.00065572   0.33019112 358.98298945
392.02426694   6.29841865   0.00065572   0.33019112 358.98298945
392.02426694   6.29841865   0.00065572   0.33027255 358.98388911
392.32426694   6.29841865   0.00065572   0.33027255 358.98388911
392.32426694   6.29841865   0.00065572   0.33035398 358.98478876
392.62426694   6.29841865   0.00065572   0.33035398 358.98478876
392.62426694   6.29841865   0.00065572   0.33043540 358.98568841
392.92426694   6.29841865   0.00065572   0.33043540 358.98568841
392.92426694   6.29841865   0.00065572   0.33051683 358.98658807
393.22426694   6.29841865   0.00065572   0.33051683 358.98658807
393.22426694   6.29841865   0.00065572   0.33059826 358.98748772
393.52426694   6.29841865   0.00065572   0.33059826 358.98748772
393.52426694   6.29841865   0.00065572   0.33067969 358.98838737
393.82426694   6.29841865   0.00065572   0.33067969 358.98838737
393.82426694   6.29841865   0.00065572   0.33076112 358.98928703
394.12426694   6.29841865   0.00065572   0.33076112 358.98928703
394.12426694   6.29841865   0.00065572   0.33084255 358.99018668
394.42426694   6.29841865   0.00065572   0.33084255 358.99018668
394.42426694   6.29841865   0.00065572   0.33092397 358.99108633
394.62444341   6.29841865   0.00065572   0.33092397 358.99108633
394.62444341   3.79945107   0.00086026   0.87000513 184.01959087
436.30726048   3.79945107   0.00086026   0.87000513 184.01959087
436.30726048   6.29841865   0.00065572   0.31670976 155.98182875
436.60726048   6.29841865   0.00065572   0.31670976 155.98182875
436.60726048   6.29841865   0.00065572   0.31630679 156.36836170
436.90726048   6.29841865   0.00065572   0.31630679 156.36836170
436.90726048   6.29841865   0.00065572   0.31590382 156.75489466
437.20726048   6.29841865   0.00065572   0.31590382 156.75489466
437.20726048   6.29841865   0.00065572   0.31550085 157.14142761
437.50726048   6.29841865   0.00065572   0.31550085 157.14142761
437.50726048   6.29841865   0.00065572   0.31509788 157.52796057
437.80726048   6.29841865   0.00065572   0.31509788 157.52796057
437.80726048   6.29841865   0.00065572   0.31469491 157.91449353
438.10726048   6.29841865   0.00065572   0.31469491 157.91449353
438.10726048   6.29841865   0.00065572   0.31429195 158.30102648
438.40726048   6.29841865   0.00065572   0.31429195 158.30102648
438.40726048   6.29841865   0.00065572   0.31388898 158.68755944
438.70726048   6.29841865   0.00065572   0.31388898 158.68755944
438.70726048   6.29841865   0.00065572   0.31348601 159.07409239
439.00726048   6.29841865   0.00065572   0.31348601 159.07409239
439.00726048   6.29841865   0.00065572   0.31308304 159.46062535
439.30726048   6.29841865   0.00065572   0.31308304 159.46062535
439.30726048   6.29841865   0.00065572   0.31268007 159.84715831
439.60726048   6.29841865   0.00065572   0.31268007 159.84715831
439.60726048   6.29841865   0.00065572   0.31227710 160.23369126
439.90726048   6.29841865   0.00065572   0.31227710 160.23369126
439.90726048   6.29841865   0.00065572   0.31187413 160.62022422
440.20726048   6.29841865   0.00065572   0.31187413 160.62022422
440.20726048   6.29841865   0.00065572   0.31147116 161.00675717
440.50726048   6.29841865   0.00065572   0.31147116 161.00675717
440.50726048   6.29841865   0.00065572   0.31106819 161.39329013
440.80726048   6.29841865   0.00065572   0.31106819 161.39329013
440.80726048   6.29841865   0.00065572   0.31066522 161.77982308
441.10726048   6.29841865   0.00065572   0.31066522 161.77982308
441.10726048   6.29841865   0.00065572   0.31026225 162.16635604
441.40726048   6.29841865   0.00065572   0.31026225 162.16635604
441.40726048   6.29841865   0.00065572   0.30985928 162.55288900
441.70726048   6.29841865   0.00065572   0.30985928 162.55288900
441.70726048   6.29841865   0.00065572   0.30945631 162.93942195
442.00726048   6.29841865   0.00065572   0.30945631 162.93942195
442.00726048   6.29841865   0.00065572   0.30905334 163.32595491
442.30726048   6.29841865   0.00065572   0.30905334 163.32595491
442.30726048   6.29841865   0.00065572   0.30865037 163.71248786
442.60726048   6.29841865   0.00065572   0.30865037 163.71248786
442.60726048   6.29841865   0.00065572   0.30824740 164.09902082
442.90726048   6.29841865   0.00065572   0.30824740 164.09902082
442.90726048   6.29841865   0.00065572   0.30784443 164.48555377
443.20726048   6.29841865   0.00065572   0.30784443 164.48555377
443.20726048   6.29841865   0.00065572   0.30744146 164.87208673
443.50726048   6.29841865   0.00065572   0.30744146 164.87208673
443.50726048   6.29841865   0.00065572   0.30703849 165.25861969
443.80726048   6.29841865   0.00065572   0.30703849 165.25861969
443.80726048   6.29841865   0.00065572   0.30663552 165.64515264
444.10726048   6.29841865   0.00065572   0.30663552 165.64515264
444.10726048   6.29841865   0.00065572   0.30623255 166.03168560
444.40726048   6.29841865   0.00065572   0.30623255 166.03168560
444.40726048   6.29841865   0.00065572   0.30582958 166.41821855
444.70726048   6.29841865   0.00065572   0.30582958 166.41821855
444.70726048   6.29841865   0.00065572   0.30542661 166.80475151
445.00726048   6.29841865   0.00065572   0.30542661 166.80475151
445.00726048   6.29841865   0.00065572   0.30502364 167.19128446
445.30726048   6.29841865   0.00065572   0.30502364 167.19128446
445.30726048   6.29841865   0.00065572   0.30462067 167.57781742
445.60726048   6.29841865   0.00065572   0.30462067 167.57781742
445.60726048   6.29841865   0.00065572   0.30421770 167.96435038
445.90726048   6.29841865   0.00065572   0.30421770 167.96435038
445.90726048   6.29841865   0.00065572   0.30381473 168.35088333
446.20726048   6.29841865   0.00065572   0.30381473 168.35088333
446.20726048   6.29841865   0.00065572   0.30341176 168.73741629
446.50726048   6.29841865   0.00065572   0.30341176 168.73741629
446.50726048   6.29841865   0.00065572   0.30300879 169.12394924
446.80726048   6.29841865   0.00065572   0.30300879 169.12394924
446.80726048   6.29841865   0.00065572   0.30260582 169.51048220
447.10726048   6.29841865   0.00065572   0.30260582 169.51048220
447.10726048   6.29841865   0.00065572   0.30220285 169.89701515
447.40726048   6.29841865   0.00065572   0.30220285 169.89701515
447.40726048   6.29841865   0.00065572   0.30179988 170.28354811
447.70726048   6.29841865   0.00065572   0.30179988 170.28354811
447.70726048   6.29841865   0.00065572   0.30139691 170.67008107
448.00726048   6.29841865   0.00065572   0.30139691 170.67008107
448.00726048   6.29841865   0.00065572   0.30099394 171.05661402
448.07750320   6.29841865   0.00065572   0.30099394 171.05661402
448.07750320   3.79945107   0.00086026   0.93000681 353.52459961
484.02616069   3.79945107   0.00086026   0.93000681 353.52459961
484.02616069   6.29841865   0.00065572   0.30398267 160.58754660
484.32616069   6.29841865   0.00065572   0.30398267 160.58754660
484.32616069   6.29841865   0.00065572   0.30410793 160.74020765
484.62616069   6.29841865   0.00065572   0.30410793 160.74020765
484.62616069   6.29841865   0.00065572   0.30423318 160.89286870
484.92616069   6.29841865   0.00065572   0.30423318 160.89286870
484.92616069   6.29841865   0.00065572   0.30435844 161.04552975
485.22616069   6.29841865   0.00065572   0.30435844 161.04552975
485.22616069   6.29841865   0.00065572   0.30448369 161.19819079
485.52616069   6.29841865   0.00065572   0.30448369 161.19819079
485.52616069   6.29841865   0.00065572   0.30460895 161.35085184
485.82616069   6.29841865   0.00065572   0.30460895 161.35085184
485.82616069   6.29841865   0.00065572   0.30473421 161.50351289
486.12616069   6.29841865   0.00065572   0.30473421 161.50351289
486.12616069   6.29841865   0.00065572   0.30485946 161.65617394
486.42616069   6.29841865   0.00065572   0.30485946 161.65617394
486.42616069   6.29841865   0.00065572   0.30498472 161.80883498
486.72616069   6.29841865   0.00065572   0.30498472 161.80883498
486.72616069   6.29841865   0.00065572   0.30510997 161.96149603
487.02616069   6.29841865   0.00065572   0.30510997 161.96149603
487.02616069   6.29841865   0.00065572   0.30523523 162.11415708
487.32616069   6.29841865   0.00065572   0.30523523 162.11415708
487.32616069   6.29841865   0.00065572   0.30536048 162.26681813
487.62616069   6.29841865   0.00065572   0.30536048 162.26681813
487.62616069   6.29841865   0.00065572   0.30548574 162.41947917
487.92616069   6.29841865   0.00065572   0.30548574 162.41947917
487.92616069   6.29841865   0.00065572   0.30561100 162.57214022
488.22616069   6.29841865   0.00065572   0.30561100 162.57214022
488.22616069   6.29841865   0.00065572   0.30573625 162.72480127
488.52616069   6.29841865   0.00065572   0.30573625 162.72480127
488.52616069   6.29841865   0.00065572   0.30586151 162.87746232
488.82616069   6.29841865   0.00065572   0.30586151 162.87746232
488.82616069   6.29841865   0.00065572   0.30598676 163.03012336
489.12616069   6.29841865   0.00065572   0.30598676 163.03012336
489.12616069   6.29841865   0.00065572   0.30611202 163.18278441
489.42616069   6.29841865   0.00065572   0.30611202 163.18278441
489.42616069   6.29841865   0.00065572   0.30623727 163.33544546
489.72616069   6.29841865   0.00065572   0.30623727 163.33544546
489.72616069   6.29841865   0.00065572   0.30636253 163.48810651
490.02616069   6.29841865   0.00065572   0.30636253 163.48810651
490.02616069   6.29841865   0.00065572   0.30648779 163.64076755
490.32616069   6.29841865   0.00065572   0.30648779 163.64076755
490.32616069   6.29841865   0.00065572   0.30661304 163.79342860
490.62616069   6.29841865   0.00065572   0.30661304 163.79342860
490.62616069   6.29841865   0.00065572   0.30673830 163.94608965
490.92616069   6.29841865   0.00065572   0.30673830 163.94608965
490.92616069   6.29841865   0.00065572   0.30686355 164.09875070
491.22616069   6.29841865   0.00065572   0.30686355 164.09875070
491.22616069   6.29841865   0.00065572   0.30698881 164.25141174
491.52616069   6.29841865   0.00065572   0.30698881 164.25141174
491.52616069   6.29841865   0.00065572   0.30711406 164.40407279
491.82616069   6.29841865   0.00065572   0.30711406 164.40407279
491.82616069   6.29841865   0.00065572   0.30723932 164.55673384
492.12616069   6.29841865   0.00065572   0.30723932 164.55673384
492.12616069   6.29841865   0.00065572   0.30736458 164.70939489
492.42616069   6.29841865   0.00065572   0.30736458 164.70939489
492.42616069   6.29841865   0.00065572   0.30748983 164.86205593
492.72616069   6.29841865   0.00065572   0.30748983 164.86205593
492.72616069   6.29841865   0.00065572   0.30761509 165.01471698
493.02616069   6.29841865   0.00065572   0.30761509 165.01471698
493.02616069   6.29841865   0.00065572   0.30774034 165.16737803
493.32616069   6.29841865   0.00065572   0.30774034 165.16737803
493.32616069   6.29841865   0.00065572   0.30786560 165.32003908
493.62616069   6.29841865   0.00065572   0.30786560 165.32003908
493.62616069   6.29841865   0.00065572   0.30799085 165.47270012
493.92616069   6.29841865   0.00065572   0.30799085 165.47270012
493.92616069   6.29841865   0.00065572   0.30811611 165.62536117
494.22616069   6.29841865   0.00065572   0.30811611 165.62536117
494.22616069   6.29841865   0.00065572   0.30824137 165.77802222
494.52616069   6.29841865   0.00065572   0.30824137 165.77802222
494.52616069   6.29841865   0.00065572   0.30836662 165.93068327
494.82616069   6.29841865   0.00065572   0.30836662 165.93068327
494.82616069   6.29841865   0.00065572   0.30849188 166.08334431
495.12616069   6.29841865   0.00065572   0.30849188 166.08334431
495.12616069   6.29841865   0.00065572   0.30861713 166.23600536
495.42616069   6.29841865   0.00065572   0.30861713 166.23600536
495.42616069   6.29841865   0.00065572   0.30874239 166.38866641
495.72616069   6.29841865   0.00065572   0.30874239 166.38866641
495.72616069   6.29841865   0.00065572   0.30886764 166.54132746
496.02616069   6.29841865   0.00065572   0.30886764 166.54132746
496.02616069   6.29841865   0.00065572   0.30899290 166.69398850
496.32616069   6.29841865   0.00065572   0.30899290 166.69398850
496.32616069   6.29841865   0.00065572   0.30911816 166.84664955
496.62616069   6.29841865   0.00065572   0.30911816 166.84664955
496.62616069   6.29841865   0.00065572   0.30924341 166.99931060
496.92616069   6.29841865   0.00065572   0.30924341 166.99931060
496.92616069   6.29841865   0.00065572   0.30936867 167.15197165
497.22616069   6.29841865   0.00065572   0.30936867 167.15197165
497.22616069   6.29841865   0.00065572   0.30949392 167.30463269
497.52616069   6.29841865   0.00065572   0.30949392 167.30463269
497.52616069   6.29841865   0.00065572   0.30961918 167.45729374
497.82616069   6.29841865   0.00065572   0.30961918 167.45729374
497.82616069   6.29841865   0.00065572   0.30974443 167.60995479
498.12616069   6.29841865   0.00065572   0.30974443 167.60995479
498.12616069   6.29841865   0.00065572   0.30986969 167.76261584
498.22183409   6.29841865   0.00065572   0.30986969 167.76261584
498.22183409   3.79945107   0.00086026   0.83007644 356.17497287
538.04814112   3.79945107   0.00086026   0.83007644 356.17497287
538.04814112   6.29841865   0.00065572   0.31696532 151.96365598
538.34814112   6.29841865   0.00065572   0.31696532 151.96365598
538.34814112   6.29841865   0.00065572   0.31685042 152.04328023
538.64814112   6.29841865   0.00065572   0.31685042 152.04328023
538.64814112   6.29841865   0.00065572   0.31673552 152.12290447
538.94814112   6.29841865   0.00065572   0.31673552 152.12290447
538.94814112   6.29841865   0.00065572   0.31662062 152.20252871
539.24814112   6.29841865   0.00065572   0.31662062 152.20252871
539.24814112   6.29841865   0.00065572   0.31650573 152.28215296
539.54814112   6.29841865   0.00065572   0.31650573 152.28215296
539.54814112   6.29841865   0.00065572   0.31639083 152.36177720
539.84814112   6.29841865   0.00065572   0.31639083 152.36177720
539.84814112   6.29841865   0.00065572   0.31627593 152.44140144
540.14814112   6.29841865   0.00065572   0.31627593 152.44140144
540.14814112   6.29841865   0.00065572   0.31616103 152.52102569
540.44814112   6.29841865   0.00065572   0.31616103 152.52102569
540.44814112   6.29841865   0.00065572   0.31604613 152.60064993
540.74814112   6.29841865   0.00065572   0.31604613 152.60064993
540.74814112   6.29841865   0.00065572   0.31593123 152.68027418
541.04814112   6.29841865   0.00065572   0.31593123 152.68027418
541.04814112   6.29841865   0.00065572   0.31581633 152.75989842
541.34814112   6.29841865   0.00065572   0.31581633 152.75989842
541.34814112   6.29841865   0.00065572   0.31570143 152.83952266
541.64814112   6.29841865   0.00065572   0.31570143 152.83952266
541.64814112   6.29841865   0.00065572   0.31558654 152.91914691
541.94814112   6.29841865   0.00065572   0.31558654 152.91914691
541.94814112   6.29841865   0.00065572   0.31547164 152.99877115
542.24814112   6.29841865   0.00065572   0.31547164 152.99877115
542.24814112   6.29841865   0.00065572   0.31535674 153.07839540
542.54814112   6.29841865   0.00065572   0.31535674 153.07839540
542.54814112   6.29841865   0.00065572   0.31524184 153.15801964
542.84814112   6.29841865   0.00065572   0.31524184 153.15801964
542.84814112   6.29841865   0.00065572   0.31512694 153.23764388
543.14814112   6.29841865   0.00065572   0.31512694 153.23764388
543.14814112   6.29841865   0.00065572   0.31501204 153.31726813
543.44814112   6.29841865   0.00065572   0.31501204 153.31726813
543.44814112   6.29841865   0.00065572   0.31489714 153.39689237
543.74814112   6.29841865   0.00065572   0.31489714 153.39689237
543.74814112   6.29841865   0.00065572   0.31478224 153.47651662
544.04814112   6.29841865   0.00065572   0.31478224 153.47651662
544.04814112   6.29841865   0.00065572   0.31466735 153.55614086
544.34814112   6.29841865   0.00065572   0.31466735 153.55614086
544.34814112   6.29841865   0.00065572   0.31455245 153.63576510
544.64814112   6.29841865   0.00065572   0.31455245 153.63576510
544.64814112   6.29841865   0.00065572   0.31443755 153.71538935
544.94814112   6.29841865   0.00065572   0.31443755 153.71538935
544.94814112   6.29841865   0.00065572   0.31432265 153.79501359
545.24814112   6.29841865   0.00065572   0.31432265 153.79501359
545.24814112   6.29841865   0.00065572   0.31420775 153.87463784
545.54814112   6.29841865   0.00065572   0.31420775 153.87463784
545.54814112   6.29841865   0.00065572   0.31409285 153.95426208
545.84814112   6.29841865   0.00065572   0.31409285 153.95426208
545.84814112   6.29841865   0.00065572   0.31397795 154.03388632
546.14814112   6.29841865   0.00065572   0.31397795 154.03388632
546.14814112   6.29841865   0.00065572   0.31386305 154.11351057
546.44814112   6.29841865   0.00065572   0.31386305 154.11351057
546.44814112   6.29841865   0.00065572   0.31374816 154.19313481
546.74814112   6.29841865   0.00065572   0.31374816 154.19313481
546.74814112   6.29841865   0.00065572   0.31363326 154.27275905
547.04814112   6.29841865   0.00065572   0.31363326 154.27275905
547.04814112   6.29841865   0.00065572   0.31351836 154.35238330
547.34814112   6.29841865   0.00065572   0.31351836 154.35238330
547.34814112   6.29841865   0.00065572   0.31340346 154.43200754
547.64814112   6.29841865   0.00065572   0.31340346 154.43200754
547.64814112   6.29841865   0.00065572   0.31328856 154.51163179
547.94814112   6.29841865   0.00065572   0.31328856 154.51163179
547.94814112   6.29841865   0.00065572   0.31317366 154.59125603
548.24814112   6.29841865   0.00065572   0.31317366 154.59125603
548.24814112   6.29841865   0.00065572   0.31305876 154.67088027
548.54814112   6.29841865   0.00065572   0.31305876 154.67088027
548.54814112   6.29841865   0.00065572   0.31294386 154.75050452
548.84814112   6.29841865   0.00065572   0.31294386 154.75050452
548.84814112   6.29841865   0.00065572   0.31282897 154.83012876
549.14814112   6.29841865   0.00065572   0.31282897 154.83012876
549.14814112   6.29841865   0.00065572   0.31271407 154.90975301
549.44814112   6.29841865   0.00065572   0.31271407 154.90975301
549.44814112   6.29841865   0.00065572   0.31259917 154.98937725
549.74814112   6.29841865   0.00065572   0.31259917 154.98937725
549.74814112   6.29841865   0.00065572   0.31248427 155.06900149
550.04814112   6.29841865   0.00065572   0.31248427 155.06900149
550.04814112   6.29841865   0.00065572   0.31236937 155.14862574
550.34814112   6.29841865   0.00065572   0.31236937 155.14862574
550.34814112   6.29841865   0.00065572   0.31225447 155.22824998
550.64814112   6.29841865   0.00065572   0.31225447 155.22824998
550.64814112   6.29841865   0.00065572   0.31213957 155.30787423
550.94814112   6.29841865   0.00065572   0.31213957 155.30787423
550.94814112   6.29841865   0.00065572   0.31202467 155.38749847
551.24814112   6.29841865   0.00065572   0.31202467 155.38749847
551.24814112   6.29841865   0.00065572   0.31190978 155.46712271
551.54814112   6.29841865   0.00065572   0.31190978 155.46712271
551.54814112   6.29841865   0.00065572   0.31179488 155.54674696
551.84814112   6.29841865   0.00065572   0.31179488 155.54674696
551.84814112   6.29841865   0.00065572   0.31167998 155.62637120
552.14814112   6.29841865   0.00065572   0.31167998 155.62637120
552.14814112   6.29841865   0.00065572   0.31156508 155.70599544
552.44814112   6.29841865   0.00065572   0.31156508 155.70599544
552.44814112   6.29841865   0.00065572   0.31145018 155.78561969
552.74814112   6.29841865   0.00065572   0.31145018 155.78561969
552.74814112   6.29841865   0.00065572   0.31133528 155.86524393
553.04814112   6.29841865   0.00065572   0.31133528 155.86524393
553.04814112   6.29841865   0.00065572   0.31122038 155.94486818
553.34814112   6.29841865   0.00065572   0.31122038 155.94486818
553.34814112   6.29841865   0.00065572   0.31110548 156.02449242
553.64814112   6.29841865   0.00065572   0.31110548 156.02449242
553.64814112   6.29841865   0.00065572   0.31099059 156.10411666
553.84799990   6.29841865   0.00065572   0.31099059 156.10411666
553.84799990   3.79945107   0.00086026   1.01261489 354.21684895
586.30966856   3.79945107   0.00086026   1.01261489 354.21684895
586.30966856   6.29841865   0.00065572   0.31799809 169.66781463
586.60966856   6.29841865   0.00065572   0.31799809 169.66781463
586.60966856   6.29841865   0.00065572   0.31769516 168.36634373
586.90966856   6.29841865   0.00065572   0.31769516 168.36634373
586.90966856   6.29841865   0.00065572   0.31739224 167.06487284
587.20966856   6.29841865   0.00065572   0.31739224 167.06487284
587.20966856   6.29841865   0.00065572   0.31708931 165.76340194
587.50966856   6.29841865   0.00065572   0.31708931 165.76340194
587.50966856   6.29841865   0.00065572   0.31678639 164.46193105
587.80966856   6.29841865   0.00065572   0.31678639 164.46193105
587.80966856   6.29841865   0.00065572   0.31648346 163.16046015
588.10966856   6.29841865   0.00065572   0.31648346 163.16046015
588.10966856   6.29841865   0.00065572   0.31618054 161.85898926
588.40966856   6.29841865   0.00065572   0.31618054 161.85898926
588.40966856   6.29841865   0.00065572   0.31587761 160.55751836
588.70966856   6.29841865   0.00065572   0.31587761 160.55751836
588.70966856   6.29841865   0.00065572   0.31557468 159.25604747
589.00966856   6.29841865   0.00065572   0.31557468 159.25604747
589.00966856   6.29841865   0.00065572   0.31527176 157.95457657
589.30966856   6.29841865   0.00065572   0.31527176 157.95457657
589.30966856   6.29841865   0.00065572   0.31496883 156.65310568
589.60966856   6.29841865   0.00065572   0.31496883 156.65310568
589.60966856   6.29841865   0.00065572   0.31466591 155.35163478
589.90966856   6.29841865   0.00065572   0.31466591 155.35163478
589.90966856   6.29841865   0.00065572   0.31436298 154.05016389
590.20966856   6.29841865   0.00065572   0.31436298 154.05016389
590.20966856   6.29841865   0.00065572   0.31406006 152.74869299
590.50966856   6.29841865   0.00065572   0.31406006 152.74869299
590.50966856   6.29841865   0.00065572   0.31375713 151.44722210
590.80966856   6.29841865   0.00065572   0.31375713 151.44722210
590.80966856   6.29841865   0.00065572   0.31345420 150.14575120
591.10966856   6.29841865   0.00065572   0.31345420 150.14575120
591.10966856   6.29841865   0.00065572   0.31315128 148.84428031
591.40966856   6.29841865   0.00065572   0.31315128 148.84428031
591.40966856   6.29841865   0.00065572   0.31284835 147.54280941
591.70966856   6.29841865   0.00065572   0.31284835 147.54280941
591.70966856   6.29841865   0.00065572   0.31254543 146.24133851
592.00966856   6.29841865   0.00065572   0.31254543 146.24133851
592.00966856   6.29841865   0.00065572   0.31224250 144.93986762
592.30966856   6.29841865   0.00065572   0.31224250 144.93986762
592.30966856   6.29841865   0.00065572   0.31193957 143.63839672
592.60966856   6.29841865   0.00065572   0.31193957 143.63839672
592.60966856   6.29841865   0.00065572   0.31163665 142.33692583
592.90966856   6.29841865   0.00065572   0.31163665 142.33692583
592.90966856   6.29841865   0.00065572   0.31133372 141.03545493
593.20966856   6.29841865   0.00065572   0.31133372 141.03545493
593.20966856   6.29841865   0.00065572   0.31103080 139.73398404
593.50966856   6.29841865   0.00065572   0.31103080 139.73398404
593.50966856   6.29841865   0.00065572   0.31072787 138.43251314
593.80966856   6.29841865   0.00065572   0.31072787 138.43251314
593.80966856   6.29841865   0.00065572   0.31042495 137.13104225
594.10966856   6.29841865   0.00065572   0.31042495 137.13104225
594.10966856   6.29841865   0.00065572   0.31012202 135.82957135
594.40966856   6.29841865   0.00065572   0.31012202 135.82957135
594.40966856   6.29841865   0.00065572   0.30981909 134.52810046
594.70966856   6.29841865   0.00065572   0.30981909 134.52810046
594.70966856   6.29841865   0.00065572   0.30951617 133.22662956
595.00966856   6.29841865   0.00065572   0.30951617 133.22662956
595.00966856   6.29841865   0.00065572   0.30921324 131.92515867
595.30966856   6.29841865   0.00065572   0.30921324 131.92515867
595.30966856   6.29841865   0.00065572   0.30891032 130.62368777
595.60966856   6.29841865   0.00065572   0.30891032 130.62368777
595.60966856   6.29841865   0.00065572   0.30860739 129.32221688
595.90966856   6.29841865   0.00065572   0.30860739 129.32221688
595.90966856   6.29841865   0.00065572   0.30830446 128.02074598
596.20966856   6.29841865   0.00065572   0.30830446 128.02074598
596.20966856   6.29841865   0.00065572   0.30800154 126.71927509
596.50966856   6.29841865   0.00065572   0.30800154 126.71927509
596.50966856   6.29841865   0.00065572   0.30769861 125.41780419
596.80966856   6.29841865   0.00065572   0.30769861 125.41780419
596.80966856   6.29841865   0.00065572   0.30739569 124.11633329
597.10966856   6.29841865   0.00065572   0.30739569 124.11633329
597.10966856   6.29841865   0.00065572   0.30709276 122.81486240
597.40966856   6.29841865   0.00065572   0.30709276 122.81486240
597.40966856   6.29841865   0.00065572   0.30678984 121.51339150
597.70966856   6.29841865   0.00065572   0.30678984 121.51339150
597.70966856   6.29841865   0.00065572   0.30648691 120.21192061
598.00966856   6.29841865   0.00065572   0.30648691 120.21192061
598.00966856   6.29841865   0.00065572   0.30618398 118.91044971
598.30966856   6.29841865   0.00065572   0.30618398 118.91044971
598.30966856   6.29841865   0.00065572   0.30588106 117.60897882
598.60966856   6.29841865   0.00065572   0.30588106 117.60897882
598.60966856   6.29841865   0.00065572   0.30557813 116.30750792
598.90966856   6.29841865   0.00065572   0.30557813 116.30750792
598.90966856   6.29841865   0.00065572   0.30527521 115.00603703
599.20966856   6.29841865   0.00065572   0.30527521 115.00603703
599.20966856   6.29841865   0.00065572   0.30497228 113.70456613
599.50966856   6.29841865   0.00065572   0.30497228 113.70456613
599.50966856   6.29841865   0.00065572   0.30466935 112.40309524
599.80966856   6.29841865   0.00065572   0.30466935 112.40309524
599.80966856   6.29841865   0.00065572   0.30436643 111.10162434
600.10966856   6.29841865   0.00065572   0.30436643 111.10162434
600.10966856   6.29841865   0.00065572   0.30406350 109.80015345
600.40966856   6.29841865   0.00065572   0.30406350 109.80015345
600.40966856   6.29841865   0.00065572   0.30376058 108.49868255
600.70966856   6.29841865   0.00065572   0.30376058 108.49868255
600.70966856   6.29841865   0.00065572   0.30345765 107.19721166
601.00966856   6.29841865   0.00065572   0.30345765 107.19721166
601.00966856   6.29841865   0.00065572   0.30315473 105.89574076
601.30966856   6.29841865   0.00065572   0.30315473 105.89574076
601.30966856   6.29841865   0.00065572   0.30285180 104.59426987
601.60966856   6.29841865   0.00065572   0.30285180 104.59426987
601.60966856   6.29841865   0.00065572   0.30254887 103.29279897
601.90966856   6.29841865   0.00065572   0.30254887 103.29279897
601.90966856   6.29841865   0.00065572   0.30224595 101.99132807
602.20966856   6.29841865   0.00065572   0.30224595 101.99132807
602.20966856   6.29841865   0.00065572   0.30194302 100.68985718
602.21734902   6.29841865   0.00065572   0.30194302 100.68985718
602.21734902   3.79945107   0.00086026   1.00991852 354.88965785
635.71408768   3.79945107   0.00086026   1.00991852 354.88965785
635.71408768   6.29841865   0.00065572   0.32299092 358.97391906
636.01408768   6.29841865   0.00065572   0.32299092 358.97391906
636.01408768   6.29841865   0.00065572   0.32225950 353.93912926
636.31408768   6.29841865   0.00065572   0.32225950 353.93912926
636.31408768   6.29841865   0.00065572   0.32152809 348.90433946
636.61408768   6.29841865   0.00065572   0.32152809 348.90433946
636.61408768   6.29841865   0.00065572   0.32079667 343.86954966
636.91408768   6.29841865   0.00065572   0.32079667 343.86954966
636.91408768   6.29841865   0.00065572   0.32006525 338.83475986
637.21408768   6.29841865   0.00065572   0.32006525 338.83475986
637.21408768   6.29841865   0.00065572   0.31933384 333.79997006
637.51408768   6.29841865   0.00065572   0.31933384 333.79997006
637.51408768   6.29841865   0.00065572   0.31860242 328.76518026
637.81408768   6.29841865   0.00065572   0.31860242 328.76518026
637.81408768   6.29841865   0.00065572   0.31787100 323.73039045
638.11408768   6.29841865   0.00065572   0.31787100 323.73039045
638.11408768   6.29841865   0.00065572   0.31713959 318.69560065
638.41408768   6.29841865   0.00065572   0.31713959 318.69560065
638.41408768   6.29841865   0.00065572   0.31640817 313.66081085
638.71408768   6.29841865   0.00065572   0.31640817 313.66081085
638.71408768   6.29841865   0.00065572   0.31567676 308.62602105
639.01408768   6.29841865   0.00065572   0.31567676 308.62602105
639.01408768   6.29841865   0.00065572   0.31494534 303.59123125
639.31408768   6.29841865   0.00065572   0.31494534 303.59123125
639.31408768   6.29841865   0.00065572   0.31421392 298.55644145
639.61408768   6.29841865   0.00065572   0.31421392 298.55644145
639.61408768   6.29841865   0.00065572   0.31348251 293.52165165
639.91408768   6.29841865   0.00065572   0.31348251 293.52165165
639.91408768   6.29841865   0.00065572   0.31275109 288.48686185
640.21408768   6.29841865   0.00065572   0.31275109 288.48686185
640.21408768   6.29841865   0.00065572   0.31201967 283.45207205
640.51408768   6.29841865   0.00065572   0.31201967 283.45207205
640.51408768   6.29841865   0.00065572   0.31128826 278.41728225
640.81408768   6.29841865   0.00065572   0.31128826 278.41728225
640.81408768   6.29841865   0.00065572   0.31055684 273.38249245
641.11408768   6.29841865   0.00065572   0.31055684 273.38249245
641.11408768   6.29841865   0.00065572   0.30982542 268.34770265
641.41408768   6.29841865   0.00065572   0.30982542 268.34770265
641.41408768   6.29841865   0.00065572   0.30909401 263.31291285
641.71408768   6.29841865   0.00065572   0.30909401 263.31291285
641.71408768   6.29841865   0.00065572   0.30836259 258.27812305
642.01408768   6.29841865   0.00065572   0.30836259 258.27812305
642.01408768   6.29841865   0.00065572   0.30763118 253.24333325
642.31408768   6.29841865   0.00065572   0.30763118 253.24333325
642.31408768   6.29841865   0.00065572   0.30689976 248.20854345
642.61408768   6.29841865   0.00065572   0.30689976 248.20854345
642.61408768   6.29841865   0.00065572   0.30616834 243.17375364
642.91408768   6.29841865   0.00065572   0.30616834 243.17375364
642.91408768   6.29841865   0.00065572   0.30543693 238.13896384
643.21408768   6.29841865   0.00065572   0.30543693 238.13896384
643.21408768   6.29841865   0.00065572   0.30470551 233.10417404
643.51408768   6.29841865   0.00065572   0.30470551 233.10417404
643.51408768   6.29841865   0.00065572   0.30397409 228.06938424
643.81408768   6.29841865   0.00065572   0.30397409 228.06938424
643.81408768   6.29841865   0.00065572   0.30324268 223.03459444
644.11408768   6.29841865   0.00065572   0.30324268 223.03459444
644.11408768   6.29841865   0.00065572   0.30251126 217.99980464
644.41408768   6.29841865   0.00065572   0.30251126 217.99980464
644.41408768   6.29841865   0.00065572   0.30177984 212.96501484
644.71408768   6.29841865   0.00065572   0.30177984 212.96501484
644.71408768   6.29841865   0.00065572   0.30104843 207.93022504
645.01408768   6.29841865   0.00065572   0.30104843 207.93022504
645.01408768   6.29841865   0.00065572   0.30031701 202.89543524
645.31408768   6.29841865   0.00065572   0.30031701 202.89543524
645.31408768   6.29841865   0.00065572   0.29958560 197.86064544
645.61408768   6.29841865   0.00065572   0.29958560 197.86064544
645.61408768   6.29841865   0.00065572   0.29885418 192.82585564
645.91408768   6.29841865   0.00065572   0.29885418 192.82585564
645.91408768   6.29841865   0.00065572   0.29812276 187.79106584
646.21408768   6.29841865   0.00065572   0.29812276 187.79106584
646.21408768   6.29841865   0.00065572   0.29739135 182.75627604
646.51408768   6.29841865   0.00065572   0.29739135 182.75627604
646.51408768   6.29841865   0.00065572   0.29665993 177.72148624
646.81408768   6.29841865   0.00065572   0.29665993 177.72148624
646.81408768   6.29841865   0.00065572   0.29592851 172.68669644
647.11408768   6.29841865   0.00065572   0.29592851 172.68669644
647.11408768   6.29841865   0.00065572   0.29519710 167.65190664
647.41408768   6.29841865   0.00065572   0.29519710 167.65190664
647.41408768   6.29841865   0.00065572   0.29446568 162.61711684
647.71408768   6.29841865   0.00065572   0.29446568 162.61711684
647.71408768   6.29841865   0.00065572   0.29373426 157.58232703
648.01408768   6.29841865   0.00065572   0.29373426 157.58232703
648.01408768   6.29841865   0.00065572   0.29300285 152.54753723
648.31408768   6.29841865   0.00065572   0.29300285 152.54753723
648.31408768   6.29841865   0.00065572   0.29227143 147.51274743
648.61408768   6.29841865   0.00065572   0.29227143 147.51274743
648.61408768   6.29841865   0.00065572   0.29154002 142.47795763
648.91408768   6.29841865   0.00065572   0.29154002 142.47795763
648.91408768   6.29841865   0.00065572   0.29080860 137.44316783
649.21408768   6.29841865   0.00065572   0.29080860 137.44316783
649.21408768   6.29841865   0.00065572   0.29007718 132.40837803
649.51408768   6.29841865   0.00065572   0.29007718 132.40837803
649.51408768   6.29841865   0.00065572   0.28934577 127.37358823
649.81408768   6.29841865   0.00065572   0.28934577 127.37358823
649.81408768   6.29841865   0.00065572   0.28861435 122.33879843
650.11408768   6.29841865   0.00065572   0.28861435 122.33879843
650.11408768   6.29841865   0.00065572   0.28788293 117.30400863
650.41408768   6.29841865   0.00065572   0.28788293 117.30400863
650.41408768   6.29841865   0.00065572   0.28715152 112.26921883
650.71408768   6.29841865   0.00065572   0.28715152 112.26921883
650.71408768   6.29841865   0.00065572   0.28642010 107.23442903
650.81078903   6.29841865   0.00065572   0.28642010 107.23442903
650.81078903   3.79945107   0.00086026   0.98609908  10.51957805
686.70709874   3.79945107   0.00086026   0.98609908  10.51957805
686.70709874   6.29841865   0.00065572   0.32993208 212.56849499
687.00709874   6.29841865   0.00065572   0.32993208 212.56849499
687.00709874   6.29841865   0.00065572   0.32986798 210.65049431
687.30709874   6.29841865   0.00065572   0.32986798 210.65049431
687.30709874   6.29841865   0.00065572   0.32980387 208.73249362
687.60709874   6.29841865   0.00065572   0.32980387 208.73249362
687.60709874   6.29841865   0.00065572   0.32973976 206.81449293
687.90709874   6.29841865   0.00065572   0.32973976 206.81449293
687.90709874   6.29841865   0.00065572   0.32967565 204.89649224
688.20709874   6.29841865   0.00065572   0.32967565 204.89649224
688.20709874   6.29841865   0.00065572   0.32961154 202.97849155
688.50709874   6.29841865   0.00065572   0.32961154 202.97849155
688.50709874   6.29841865   0.00065572   0.32954743 201.06049087
688.80709874   6.29841865   0.00065572   0.32954743 201.06049087
688.80709874   6.29841865   0.00065572   0.32948333 199.14249018
689.10709874   6.29841865   0.00065572   0.32948333 199.14249018
689.10709874   6.29841865   0.00065572   0.32941922 197.22448949
689.40709874   6.29841865   0.00065572   0.32941922 197.22448949
689.40709874   6.29841865   0.00065572   0.32935511 195.30648880
689.70709874   6.29841865   0.00065572   0.32935511 195.30648880
689.70709874   6.29841865   0.00065572   0.32929100 193.38848811
690.00709874   6.29841865   0.00065572   0.32929100 193.38848811
690.00709874   6.29841865   0.00065572   0.32922689 191.47048743
690.30709874   6.29841865   0.00065572   0.32922689 191.47048743
690.30709874   6.29841865   0.00065572   0.32916279 189.55248674
690.60709874   6.29841865   0.00065572   0.32916279 189.55248674
690.60709874   6.29841865   0.00065572   0.32909868 187.63448605
690.90709874   6.29841865   0.00065572   0.32909868 187.63448605
690.90709874   6.29841865   0.00065572   0.32903457 185.71648536
691.20709874   6.29841865   0.00065572   0.32903457 185.71648536
691.20709874   6.29841865   0.00065572   0.32897046 183.79848467
691.50709874   6.29841865   0.00065572   0.32897046 183.79848467
691.50709874   6.29841865   0.00065572   0.32890635 181.88048399
691.80709874   6.29841865   0.00065572   0.32890635 181.88048399
691.80709874   6.29841865   0.00065572   0.32884225 179.96248330
692.10709874   6.29841865   0.00065572   0.32884225 179.96248330
692.10709874   6.29841865   0.00065572   0.32877814 178.04448261
692.40709874   6.29841865   0.00065572   0.32877814 178.04448261
692.40709874   6.29841865   0.00065572   0.32871403 176.12648192
692.70709874   6.29841865   0.00065572   0.32871403 176.12648192
692.70709874   6.29841865   0.00065572   0.32864992 174.20848123
693.00709874   6.29841865   0.00065572   0.32864992 174.20848123
693.00709874   6.29841865   0.00065572   0.32858581 172.29048055
693.30709874   6.29841865   0.00065572   0.32858581 172.29048055
693.30709874   6.29841865   0.00065572   0.32852171 170.37247986
693.60709874   6.29841865   0.00065572   0.32852171 170.37247986
693.60709874   6.29841865   0.00065572   0.32845760 168.45447917
693.90709874   6.29841865   0.00065572   0.32845760 168.45447917
693.90709874   6.29841865   0.00065572   0.32839349 166.53647848
694.20709874   6.29841865   0.00065572   0.32839349 166.53647848
694.20709874   6.29841865   0.00065572   0.32832938 164.61847779
694.50709874   6.29841865   0.00065572   0.32832938 164.61847779
694.50709874   6.29841865   0.00065572   0.32826527 162.70047711
694.80709874   6.29841865   0.00065572   0.32826527 162.70047711
694.80709874   6.29841865   0.00065572   0.32820117 160.78247642
695.10709874   6.29841865   0.00065572   0.32820117 160.78247642
695.10709874   6.29841865   0.00065572   0.32813706 158.86447573
695.40709874   6.29841865   0.00065572   0.32813706 158.86447573
695.40709874   6.29841865   0.00065572   0.32807295 156.94647504
695.70709874   6.29841865   0.00065572   0.32807295 156.94647504
695.70709874   6.29841865   0.00065572   0.32800884 155.02847436
696.00709874   6.29841865   0.00065572   0.32800884 155.02847436
696.00709874   6.29841865   0.00065572   0.32794473 153.11047367
696.30709874   6.29841865   0.00065572   0.32794473 153.11047367
696.30709874   6.29841865   0.00065572   0.32788063 151.19247298
696.60709874   6.29841865   0.00065572   0.32788063 151.19247298
696.60709874   6.29841865   0.00065572   0.32781652 149.27447229
696.90709874   6.29841865   0.00065572   0.32781652 149.27447229
696.90709874   6.29841865   0.00065572   0.32775241 147.35647160
697.20709874   6.29841865   0.00065572   0.32775241 147.35647160
697.20709874   6.29841865   0.00065572   0.32768830 145.43847092
697.50709874   6.29841865   0.00065572   0.32768830 145.43847092
697.50709874   6.29841865   0.00065572   0.32762419 143.52047023
697.80709874   6.29841865   0.00065572   0.32762419 143.52047023
697.80709874   6.29841865   0.00065572   0.32756009 141.60246954
698.10709874   6.29841865   0.00065572   0.32756009 141.60246954
698.10709874   6.29841865   0.00065572   0.32749598 139.68446885
698.40709874   6.29841865   0.00065572   0.32749598 139.68446885
698.40709874   6.29841865   0.00065572   0.32743187 137.76646816
698.70709874   6.29841865   0.00065572   0.32743187 137.76646816
698.70709874   6.29841865   0.00065572   0.32736776 135.84846748
699.00709874   6.29841865   0.00065572   0.32736776 135.84846748
699.00709874   6.29841865   0.00065572   0.32730365 133.93046679
699.30709874   6.29841865   0.00065572   0.32730365 133.93046679
699.30709874   6.29841865   0.00065572   0.32723955 132.01246610
699.60709874   6.29841865   0.00065572   0.32723955 132.01246610
699.60709874   6.29841865   0.00065572   0.32717544 130.09446541
699.90709874   6.29841865   0.00065572   0.32717544 130.09446541
699.90709874   6.29841865   0.00065572   0.32711133 128.17646472
700.20709874   6.29841865   0.00065572   0.32711133 128.17646472
700.20709874   6.29841865   0.00065572   0.32704722 126.25846404
700.50709874   6.29841865   0.00065572   0.32704722 126.25846404
700.50709874   6.29841865   0.00065572   0.32698311 124.34046335
700.69953820   6.29841865   0.00065572   0.32698311 124.34046335
700.69953820   3.79945107   0.00086026   0.81005323 345.84167918
734.30728866   3.79945107   0.00086026   0.81005323 345.84167918
734.30728866   6.29841865   0.00065572   0.30184217 163.03688733
734.60728866   6.29841865   0.00065572   0.30184217 163.03688733
734.60728866   6.29841865   0.00065572   0.30216393 162.90333041
734.90728866   6.29841865   0.00065572   0.30216393 162.90333041
734.90728866   6.29841865   0.00065572   0.30248569 162.76977349
735.20728866   6.29841865   0.00065572   0.30248569 162.76977349
735.20728866   6.29841865   0.00065572   0.30280744 162.63621658
735.50728866   6.29841865   0.00065572   0.30280744 162.63621658
735.50728866   6.29841865   0.00065572   0.30312920 162.50265966
735.80728866   6.29841865   0.00065572   0.30312920 162.50265966
735.80728866   6.29841865   0.00065572   0.30345096 162.36910274
736.10728866   6.29841865   0.00065572   0.30345096 162.36910274
736.10728866   6.29841865   0.00065572   0.30377271 162.23554582
736.40728866   6.29841865   0.00065572   0.30377271 162.23554582
736.40728866   6.29841865   0.00065572   0.30409447 162.10198890
736.70728866   6.29841865   0.00065572   0.30409447 162.10198890
736.70728866   6.29841865   0.00065572   0.30441623 161.96843199
737.00728866   6.29841865   0.00065572   0.30441623 161.96843199
737.00728866   6.29841865   0.00065572   0.30473799 161.83487507
737.30728866   6.29841865   0.00065572   0.30473799 161.83487507
737.30728866   6.29841865   0.00065572   0.30505974 161.70131815
737.60728866   6.29841865   0.00065572   0.30505974 161.70131815
737.60728866   6.29841865   0.00065572   0.30538150 161.56776123
737.90728866   6.29841865   0.00065572   0.30538150 161.56776123
737.90728866   6.29841865   0.00065572   0.30570326 161.43420432
738.20728866   6.29841865   0.00065572   0.30570326 161.43420432
738.20728866   6.29841865   0.00065572   0.30602501 161.30064740
738.50728866   6.29841865   0.00065572   0.30602501 161.30064740
738.50728866   6.29841865   0.00065572   0.30634677 161.16709048
738.80728866   6.29841865   0.00065572   0.30634677 161.16709048
738.80728866   6.29841865   0.00065572   0.30666853 161.03353356
739.10728866   6.29841865   0.00065572   0.30666853 161.03353356
739.10728866   6.29841865   0.00065572   0.30699028 160.89997664
739.40728866   6.29841865   0.00065572   0.30699028 160.89997664
739.40728866   6.29841865   0.00065572   0.30731204 160.76641973
739.70728866   6.29841865   0.00065572   0.30731204 160.76641973
739.70728866   6.29841865   0.00065572   0.30763380 160.63286281
740.00728866   6.29841865   0.00065572   0.30763380 160.63286281
740.00728866   6.29841865   0.00065572   0.30795555 160.49930589
740.30728866   6.29841865   0.00065572   0.30795555 160.49930589
740.30728866   6.29841865   0.00065572   0.30827731 160.36574897
740.60728866   6.29841865   0.00065572   0.30827731 160.36574897
740.60728866   6.29841865   0.00065572   0.30859907 160.23219205
740.90728866   6.29841865   0.00065572   0.30859907 160.23219205
740.90728866   6.29841865   0.00065572   0.30892082 160.09863514
741.20728866   6.29841865   0.00065572   0.30892082 160.09863514
741.20728866   6.29841865   0.00065572   0.30924258 159.96507822
741.50728866   6.29841865   0.00065572   0.30924258 159.96507822
741.50728866   6.29841865   0.00065572   0.30956434 159.83152130
741.80728866   6.29841865   0.00065572   0.30956434 159.83152130
741.80728866   6.29841865   0.00065572   0.30988609 159.69796438
742.10728866   6.29841865   0.00065572   0.30988609 159.69796438
742.10728866   6.29841865   0.00065572   0.31020785 159.56440746
742.40728866   6.29841865   0.00065572   0.31020785 159.56440746
742.40728866   6.29841865   0.00065572   0.31052961 159.43085055
742.70728866   6.29841865   0.00065572   0.31052961 159.43085055
742.70728866   6.29841865   0.00065572   0.31085137 159.29729363
743.00728866   6.29841865   0.00065572   0.31085137 159.29729363
743.00728866   6.29841865   0.00065572   0.31117312 159.16373671
743.30728866   6.29841865   0.00065572   0.31117312 159.16373671
743.30728866   6.29841865   0.00065572   0.31149488 159.03017979
743.60728866   6.29841865   0.00065572   0.31149488 159.03017979
743.60728866   6.29841865   0.00065572   0.31181664 158.89662287
743.90728866   6.29841865   0.00065572   0.31181664 158.89662287
743.90728866   6.29841865   0.00065572   0.31213839 158.76306596
744.20728866   6.29841865   0.00065572   0.31213839 158.76306596
744.20728866   6.29841865   0.00065572   0.31246015 158.62950904
744.50728866   6.29841865   0.00065572   0.31246015 158.62950904
744.50728866   6.29841865   0.00065572   0.31278191 158.49595212
744.80728866   6.29841865   0.00065572   0.31278191 158.49595212
744.80728866   6.29841865   0.00065572   0.31310366 158.36239520
745.10728866   6.29841865   0.00065572   0.31310366 158.36239520
745.10728866   6.29841865   0.00065572   0.31342542 158.22883828
745.40728866   6.29841865   0.00065572   0.31342542 158.22883828
745.40728866   6.29841865   0.00065572   0.31374718 158.09528137
745.70728866   6.29841865   0.00065572   0.31374718 158.09528137
745.70728866   6.29841865   0.00065572   0.31406893 157.96172445
746.00728866   6.29841865   0.00065572   0.31406893 157.96172445
746.00728866   6.29841865   0.00065572   0.31439069 157.82816753
746.30728866   6.29841865   0.00065572   0.31439069 157.82816753
746.30728866   6.29841865   0.00065572   0.31471245 157.69461061
746.60728866   6.29841865   0.00065572   0.31471245 157.69461061
746.60728866   6.29841865   0.00065572   0.31503420 157.56105369
746.90728866   6.29841865   0.00065572   0.31503420 157.56105369
746.90728866   6.29841865   0.00065572   0.31535596 157.42749678
747.20728866   6.29841865   0.00065572   0.31535596 157.42749678
747.20728866   6.29841865   0.00065572   0.31567772 157.29393986
747.50728866   6.29841865   0.00065572   0.31567772 157.29393986
747.50728866   6.29841865   0.00065572   0.31599947 157.16038294
747.70639422   6.29841865   0.00065572   0.31599947 157.16038294
747.70639422   3.79945107   0.00086026   1.05997676 342.64015533
769.70700385   3.79945107   0.00086026   1.05997676 342.64015533
769.70700385   6.29841865   0.00065572   0.29899737 232.36190306
770.00700385   6.29841865   0.00065572   0.29899737 232.36190306
770.00700385   6.29841865   0.00065572   0.29947987 236.69937605
770.30700385   6.29841865   0.00065572   0.29947987 236.69937605
770.30700385   6.29841865   0.00065572   0.29996238 241.03684903
770.60700385   6.29841865   0.00065572   0.29996238 241.03684903
770.60700385   6.29841865   0.00065572   0.30044488 245.37432201
770.90700385   6.29841865   0.00065572   0.30044488 245.37432201
770.90700385   6.29841865   0.00065572   0.30092739 249.71179500
771.20700385   6.29841865   0.00065572   0.30092739 249.71179500
771.20700385   6.29841865   0.00065572   0.30140989 254.04926798
771.50700385   6.29841865   0.00065572   0.30140989 254.04926798
771.50700385   6.29841865   0.00065572   0.30189240 258.38674096
771.80700385   6.29841865   0.00065572   0.30189240 258.38674096
771.80700385   6.29841865   0.00065572   0.30237490 262.72421395
772.10700385   6.29841865   0.00065572   0.30237490 262.72421395
772.10700385   6.29841865   0.00065572   0.30285741 267.06168693
772.40700385   6.29841865   0.00065572   0.30285741 267.06168693
772.40700385   6.29841865   0.00065572   0.30333991 271.39915991
772.70700385   6.29841865   0.00065572   0.30333991 271.39915991
772.70700385   6.29841865   0.00065572   0.30382242 275.73663290
773.00700385   6.29841865   0.00065572   0.30382242 275.73663290
773.00700385   6.29841865   0.00065572   0.30430492 280.07410588
773.30700385   6.29841865   0.00065572   0.30430492 280.07410588
773.30700385   6.29841865   0.00065572   0.30478743 284.41157886
773.60700385   6.29841865   0.00065572   0.30478743 284.41157886
773.60700385   6.29841865   0.00065572   0.30526993 288.74905185
773.90700385   6.29841865   0.00065572   0.30526993 288.74905185
773.90700385   6.29841865   0.00065572   0.30575244 293.08652483
774.20700385   6.29841865   0.00065572   0.30575244 293.08652483
774.20700385   6.29841865   0.00065572   0.30623494 297.42399781
774.50700385   6.29841865   0.00065572   0.30623494 297.42399781
774.50700385   6.29841865   0.00065572   0.30671744 301.76147080
774.80700385   6.29841865   0.00065572   0.30671744 301.76147080
774.80700385   6.29841865   0.00065572   0.30719995 306.09894378
775.10700385   6.29841865   0.00065572   0.30719995 306.09894378
775.10700385   6.29841865   0.00065572   0.30768245 310.43641676
775.40700385   6.29841865   0.00065572   0.30768245 310.43641676
775.40700385   6.29841865   0.00065572   0.30816496 314.77388975
775.70700385   6.29841865   0.00065572   0.30816496 314.77388975
775.70700385   6.29841865   0.00065572   0.30864746 319.11136273
776.00700385   6.29841865   0.00065572   0.30864746 319.11136273
776.00700385   6.29841865   0.00065572   0.30912997 323.44883571
776.30700385   6.29841865   0.00065572   0.30912997 323.44883571
776.30700385   6.29841865   0.00065572   0.30961247 327.78630870
776.60700385   6.29841865   0.00065572   0.30961247 327.78630870
776.60700385   6.29841865   0.00065572   0.31009498 332.12378168
776.90700385   6.29841865   0.00065572   0.31009498 332.12378168
776.90700385   6.29841865   0.00065572   0.31057748 336.46125466
777.20700385   6.29841865   0.00065572   0.31057748 336.46125466
777.20700385   6.29841865   0.00065572   0.31105999 340.79872765
777.50700385   6.29841865   0.00065572   0.31105999 340.79872765
777.50700385   6.29841865   0.00065572   0.31154249 345.13620063
777.80700385   6.29841865   0.00065572   0.31154249 345.13620063
777.80700385   6.29841865   0.00065572   0.31202500 349.47367361
778.10700385   6.29841865   0.00065572   0.31202500 349.47367361
778.10700385   6.29841865   0.00065572   0.31250750 353.81114660
778.40700385   6.29841865   0.00065572   0.31250750 353.81114660
778.40700385   6.29841865   0.00065572   0.31299001 358.14861958
778.50798891   6.29841865   0.00065572   0.31299001 358.14861958
778.50798891   0.00000000   0.00000000   0.00000000 358.14861958
788.50798891   0.00000000   0.00000000   0.00000000 358.14861958
