#      z (A) rho (1e-6/A2) irho (1e-6/A2) rhoM (1e-6/A2) theta (degrees)
-10.00000000   3.53290778   0.00034376   0.00000000 331.62707820
  0.00000000   3.53290778   0.00034376   0.00000000 331.62707820
  0.00000000   3.76973831   0.00085353   1.11496605 331.62707820
 40.23325668   3.76973831   0.00085353   1.11496605 331.62707820
 40.23325668   6.46650869   0.00067322   0.31099031 358.99782816
 40.53325668   6.46650869   0.00067322   0.31099031 358.99782816
 40.53325668   6.46650869   0.00067322   0.31116813 357.42376386
 40.83325668   6.46650869   0.00067322   0.31116813 357.42376386
 40.83325668   6.46650869   0.00067322   0.31134595 355.84969956
 41.13325668   6.46650869   0.00067322   0.31134595 355.84969956
 41.13325668   6.46650869   0.00067322   0.31152377 354.27563527
 41.43325668   6.46650869   0.00067322   0.31152377 354.27563527
 41.43325668   6.46650869   0.00067322   0.31170159 352.70157097
 41.73325668   6.46650869   0.00067322   0.31170159 352.70157097
 41.73325668   6.46650869   0.00067322   0.31187941 351.12750667
 42.03325668   6.46650869   0.00067322   0.31187941 351.12750667
 42.03325668   6.46650869   0.00067322   0.31205723 349.55344237
 42.33325668   6.46650869   0.00067322   0.31205723 349.55344237
 42.33325668   6.46650869   0.00067322   0.31223505 347.97937808
 42.63325668   6.46650869   0.00067322   0.31223505 347.97937808
 42.63325668   6.46650869   0.00067322   0.31241287 346.40531378
 42.93325668   6.46650869   0.00067322   0.31241287 346.40531378
 42.93325668   6.46650869   0.00067322   0.31259069 344.83124948
 43.23325668   6.46650869   0.00067322   0.31259069 344.83124948
 43.23325668   6.46650869   0.00067322   0.31276851 343.25718518
 43.53325668   6.46650869   0.00067322   0.31276851 343.25718518
 43.53325668   6.46650869   0.00067322   0.31294633 341.68312089
 43.83325668   6.46650869   0.00067322   0.31294633 341.68312089
 43.83325668   6.46650869   0.00067322   0.31312415 340.10905659
 44.13325668   6.46650869   0.00067322   0.31312415 340.10905659
 44.13325668   6.46650869   0.00067322   0.31330197 338.53499229
 44.43325668   6.46650869   0.00067322   0.31330197 338.53499229
 44.43325668   6.46650869   0.00067322   0.31347979 336.96092800
 44.73325668   6.46650869   0.00067322   0.31347979 336.96092800
 44.73325668   6.46650869   0.00067322   0.31365761 335.38686370
 45.03325668   6.46650869   0.00067322   0.31365761 335.38686370
 45.03325668   6.46650869   0.00067322   0.31383543 333.81279940
 45.33325668   6.46650869   0.00067322   0.31383543 333.81279940
 45.33325668   6.46650869   0.00067322   0.31401326 332.23873510
 45.63325668   6.46650869   0.00067322   0.31401326 332.23873510
 45.63325668   6.46650869   0.00067322   0.31419108 330.66467081
 45.93325668   6.46650869   0.00067322   0.31419108 330.66467081
 45.93325668   6.46650869   0.00067322   0.31436890 329.09060651
 46.23325668   6.46650869   0.00067322   0.31436890 329.09060651
 46.23325668   6.46650869   0.00067322   0.31454672 327.51654221
 46.53325668   6.46650869   0.00067322   0.31454672 327.51654221
 46.53325668   6.46650869   0.00067322   0.31472454 325.94247791
 46.83325668   6.46650869   0.00067322   0.31472454 325.94247791
 46.83325668   6.46650869   0.00067322   0.31490236 324.36841362
 47.13325668   6.46650869   0.00067322   0.31490236 324.36841362
 47.13325668   6.46650869   0.00067322   0.31508018 322.79434932
 47.43325668   6.46650869   0.00067322   0.31508018 322.79434932
 47.43325668   6.46650869   0.00067322   0.31525800 321.22028502
 47.73325668   6.46650869   0.00067322   0.31525800 321.22028502
 47.73325668   6.46650869   0.00067322   0.31543582 319.64622072
 48.03325668   6.46650869   0.00067322   0.31543582 319.64622072
 48.03325668   6.46650869   0.00067322   0.31561364 318.07215643
 48.33325668   6.46650869   0.00067322   0.31561364 318.07215643
 48.33325668   6.46650869   0.00067322   0.31579146 316.49809213
 48.63325668   6.46650869   0.00067322   0.31579146 316.49809213
 48.63325668   6.46650869   0.00067322   0.31596928 314.92402783
 48.93325668   6.46650869   0.00067322   0.31596928 314.92402783
 48.93325668   6.46650869   0.00067322   0.31614710 313.34996353
 49.23325668   6.46650869   0.00067322   0.31614710 313.34996353
 49.23325668   6.46650869   0.00067322   0.31632492 311.77589924
 49.53325668   6.46650869   0.00067322   0.31632492 311.77589924
 49.53325668   6.46650869   0.00067322   0.31650274 310.20183494
 49.83325668   6.46650869   0.00067322   0.31650274 310.20183494
 49.83325668   6.46650869   0.00067322   0.31668056 308.62777064
 50.13325668   6.46650869   0.00067322   0.31668056 308.62777064
 50.13325668   6.46650869   0.00067322   0.31685838 307.05370635
 50.43325668   6.46650869   0.00067322   0.31685838 307.05370635
 50.43325668   6.46650869   0.00067322   0.31703620 305.47964205
 50.73325668   6.46650869   0.00067322   0.31703620 305.47964205
 50.73325668   6.46650869   0.00067322   0.31721402 303.90557775
 51.03325668   6.46650869   0.00067322   0.31721402 303.90557775
 51.03325668   6.46650869   0.00067322   0.31739185 302.33151345
 51.33325668   6.46650869   0.00067322   0.31739185 302.33151345
 51.33325668   6.46650869   0.00067322   0.31756967 300.75744916
 51.63325668   6.46650869   0.00067322   0.31756967 300.75744916
 51.63325668   6.46650869   0.00067322   0.31774749 299.18338486
 51.93325668   6.46650869   0.00067322   0.31774749 299.18338486
 51.93325668   6.46650869   0.00067322   0.31792531 297.60932056
 52.23325668   6.46650869   0.00067322   0.31792531 297.60932056
 52.23325668   6.46650869   0.00067322   0.31810313 296.03525626
 52.53325668   6.46650869   0.00067322   0.31810313 296.03525626
 52.53325668   6.46650869   0.00067322   0.31828095 294.46119197
 52.83325668   6.46650869   0.00067322   0.31828095 294.46119197
 52.83325668   6.46650869   0.00067322   0.31845877 292.88712767
 53.13325668   6.46650869   0.00067322   0.31845877 292.88712767
 53.13325668   6.46650869   0.00067322   0.31863659 291.31306337
 53.43325668   6.46650869   0.00067322   0.31863659 291.31306337
 53.43325668   6.46650869   0.00067322   0.31881441 289.73899907
 53.73325668   6.46650869   0.00067322   0.31881441 289.73899907
 53.73325668   6.46650869   0.00067322   0.31899223 288.16493478
 53.92756222   6.46650869   0.00067322   0.31899223 288.16493478
 53.92756222   3.76973831   0.00085353   0.85035746  68.31189119
 85.77739999   3.76973831   0.00085353   0.85035746  68.31189119
 85.77739999   6.46650869   0.00067322   0.33098891 225.90171702
 86.07739999   6.46650869   0.00067322   0.33098891 225.90171702
 86.07739999   6.46650869   0.00067322   0.32910141 233.46033355
 86.37739999   6.46650869   0.00067322   0.32910141 233.46033355
 86.37739999   6.46650869   0.00067322   0.32721392 241.01895009
 86.67739999   6.46650869   0.00067322   0.32721392 241.01895009
 86.67739999   6.46650869   0.00067322   0.32532642 248.57756662
 86.97739999   6.46650869   0.00067322   0.32532642 248.57756662
 86.97739999   6.46650869   0.00067322   0.32343892 256.13618315
 87.27739999   6.46650869   0.00067322   0.32343892 256.13618315
 87.27739999   6.46650869   0.00067322   0.32155142 263.69479969
 87.57739999   6.46650869   0.00067322   0.32155142 263.69479969
 87.57739999   6.46650869   0.00067322   0.31966393 271.25341622
 87.87739999   6.46650869   0.00067322   0.31966393 271.25341622
 87.87739999   6.46650869   0.00067322   0.31777643 278.81203275
 88.17739999   6.46650869   0.00067322   0.31777643 278.81203275
 88.17739999   6.46650869   0.00067322   0.31588893 286.37064928
 88.47739999   6.46650869   0.00067322   0.31588893 286.37064928
 88.47739999   6.46650869   0.00067322   0.31400144 293.92926582
 88.77739999   6.46650869   0.00067322   0.31400144 293.92926582
 88.77739999   6.46650869   0.00067322   0.31211394 301.48788235
 89.07739999   6.46650869   0.00067322   0.31211394 301.48788235
 89.07739999   6.46650869   0.00067322   0.31022644 309.04649888
 89.37739999   6.46650869   0.00067322   0.31022644 309.04649888
 89.37739999   6.46650869   0.00067322   0.30833894 316.60511541
 89.67739999   6.46650869   0.00067322   0.30833894 316.60511541
 89.67739999   6.46650869   0.00067322   0.30645145 324.16373195
 89.97739999   6.46650869   0.00067322   0.30645145 324.16373195
 89.97739999   6.46650869   0.00067322   0.30456395 331.72234848
 90.27739999   6.46650869   0.00067322   0.30456395 331.72234848
 90.27739999   6.46650869   0.00067322   0.30267645 339.28096501
 90.57739999   6.46650869   0.00067322   0.30267645 339.28096501
 90.57739999   6.46650869   0.00067322   0.30078896 346.83958154
 90.87739999   6.46650869   0.00067322   0.30078896 346.83958154
 90.87739999   6.46650869   0.00067322   0.29890146 354.39819808
 91.14021164   6.46650869   0.00067322   0.29890146 354.39819808
 91.14021164   3.76973831   0.00085353   1.19985929 341.14169671
137.12246867   3.76973831   0.00085353   1.19985929 341.14169671
137.12246867   6.46650869   0.00067322   0.29899330 323.38552541
137.42246867   6.46650869   0.00067322   0.29899330 323.38552541
137.42246867   6.46650869   0.00067322   0.29912833 322.78951588
137.72246867   6.46650869   0.00067322   0.29912833 322.78951588
137.72246867   6.46650869   0.00067322   0.29926337 322.19350635
138.02246867   6.46650869   0.00067322   0.29926337 322.19350635
138.02246867   6.46650869   0.00067322   0.29939841 321.59749681
138.32246867   6.46650869   0.00067322   0.29939841 321.59749681
138.32246867   6.46650869   0.00067322   0.29953345 321.00148728
138.62246867   6.46650869   0.00067322   0.29953345 321.00148728
138.62246867   6.46650869   0.00067322   0.29966848 320.40547775
138.92246867   6.46650869   0.00067322   0.29966848 320.40547775
138.92246867   6.46650869   0.00067322   0.29980352 319.80946821
139.22246867   6.46650869   0.00067322   0.29980352 319.80946821
139.22246867   6.46650869   0.00067322   0.29993856 319.21345868
139.52246867   6.46650869   0.00067322   0.29993856 319.21345868
139.52246867   6.46650869   0.00067322   0.30007359 318.61744915
139.82246867   6.46650869   0.00067322   0.30007359 318.61744915
139.82246867   6.46650869   0.00067322   0.30020863 318.02143962
140.12246867   6.46650869   0.00067322   0.30020863 318.02143962
140.12246867   6.46650869   0.00067322   0.30034367 317.42543008
140.42246867   6.46650869   0.00067322   0.30034367 317.42543008
140.42246867   6.46650869   0.00067322   0.30047870 316.82942055
140.72246867   6.46650869   0.00067322   0.30047870 316.82942055
140.72246867   6.46650869   0.00067322   0.30061374 316.23341102
141.02246867   6.46650869   0.00067322   0.30061374 316.23341102
141.02246867   6.46650869   0.00067322   0.30074878 315.63740149
141.32246867   6.46650869   0.00067322   0.30074878 315.63740149
141.32246867   6.46650869   0.00067322   0.30088382 315.04139195
141.62246867   6.46650869   0.00067322   0.30088382 315.04139195
141.62246867   6.46650869   0.00067322   0.30101885 314.44538242
141.92246867   6.46650869   0.00067322   0.30101885 314.44538242
141.92246867   6.46650869   0.00067322   0.30115389 313.84937289
142.22246867   6.46650869   0.00067322   0.30115389 313.84937289
142.22246867   6.46650869   0.00067322   0.30128893 313.25336335
142.52246867   6.46650869   0.00067322   0.30128893 313.25336335
142.52246867   6.46650869   0.00067322   0.30142396 312.65735382
142.82246867   6.46650869   0.00067322   0.30142396 312.65735382
142.82246867   6.46650869   0.00067322   0.30155900 312.06134429
143.12246867   6.46650869   0.00067322   0.30155900 312.06134429
143.12246867   6.46650869   0.00067322   0.30169404 311.46533476
143.42246867   6.46650869   0.00067322   0.30169404 311.46533476
143.42246867   6.46650869   0.00067322   0.30182907 310.86932522
143.72246867   6.46650869   0.00067322   0.30182907 310.86932522
143.72246867   6.46650869   0.00067322   0.30196411 310.27331569
144.02246867   6.46650869   0.00067322   0.30196411 310.27331569
144.02246867   6.46650869   0.00067322   0.30209915 309.67730616
144.32246867   6.46650869   0.00067322   0.30209915 309.67730616
144.32246867   6.46650869   0.00067322   0.30223419 309.08129663
144.62246867   6.46650869   0.00067322   0.30223419 309.08129663
144.62246867   6.46650869   0.00067322   0.30236922 308.48528709
144.92246867   6.46650869   0.00067322   0.30236922 308.48528709
144.92246867   6.46650869   0.00067322   0.30250426 307.88927756
145.22246867   6.46650869   0.00067322   0.30250426 307.88927756
145.22246867   6.46650869   0.00067322   0.30263930 307.29326803
145.52246867   6.46650869   0.00067322   0.30263930 307.29326803
145.52246867   6.46650869   0.00067322   0.30277433 306.69725849
145.82246867   6.46650869   0.00067322   0.30277433 306.69725849
145.82246867   6.46650869   0.00067322   0.30290937 306.10124896
146.12246867   6.46650869   0.00067322   0.30290937 306.10124896
146.12246867   6.46650869   0.00067322   0.30304441 305.50523943
146.42246867   6.46650869   0.00067322   0.30304441 305.50523943
146.42246867   6.46650869   0.00067322   0.30317944 304.90922990
146.72246867   6.46650869   0.00067322   0.30317944 304.90922990
146.72246867   6.46650869   0.00067322   0.30331448 304.31322036
147.02246867   6.46650869   0.00067322   0.30331448 304.31322036
147.02246867   6.46650869   0.00067322   0.30344952 303.71721083
147.32246867   6.46650869   0.00067322   0.30344952 303.71721083
147.32246867   6.46650869   0.00067322   0.30358456 303.12120130
147.62246867   6.46650869   0.00067322   0.30358456 303.12120130
147.62246867   6.46650869   0.00067322   0.30371959 302.52519177
147.92246867   6.46650869   0.00067322   0.30371959 302.52519177
147.92246867   6.46650869   0.00067322   0.30385463 301.92918223
148.22246867   6.46650869   0.00067322   0.30385463 301.92918223
148.22246867   6.46650869   0.00067322   0.30398967 301.33317270
148.32508414   6.46650869   0.00067322   0.30398967 301.33317270
148.32508414   3.76973831   0.00085353   1.20999959 177.10657530
185.62026218   3.76973831   0.00085353   1.20999959 177.10657530
185.62026218   6.46650869   0.00067322   0.32499366 155.02578293
185.92026218   6.46650869   0.00067322   0.32499366 155.02578293
185.92026218   6.46650869   0.00067322   0.32320777 165.92318622
186.22026218   6.46650869   0.00067322   0.32320777 165.92318622
186.22026218   6.46650869   0.00067322   0.32142188 176.82058952
186.52026218   6.46650869   0.00067322   0.32142188 176.82058952
186.52026218   6.46650869   0.00067322   0.31963599 187.71799281
186.82026218   6.46650869   0.00067322   0.31963599 187.71799281
186.82026218   6.46650869   0.00067322   0.31785010 198.61539610
187.12026218   6.46650869   0.00067322   0.31785010 198.61539610
187.12026218   6.46650869   0.00067322   0.31606421 209.51279940
187.42026218   6.46650869   0.00067322   0.31606421 209.51279940
187.42026218   6.46650869   0.00067322   0.31427832 220.41020269
187.72026218   6.46650869   0.00067322   0.31427832 220.41020269
187.72026218   6.46650869   0.00067322   0.31249243 231.30760598
188.02026218   6.46650869   0.00067322   0.31249243 231.30760598
188.02026218   6.46650869   0.00067322   0.31070654 242.20500928
188.32026218   6.46650869   0.00067322   0.31070654 242.20500928
188.32026218   6.46650869   0.00067322   0.30892065 253.10241257
188.62026218   6.46650869   0.00067322   0.30892065 253.10241257
188.62026218   6.46650869   0.00067322   0.30713476 263.99981587
188.92026218   6.46650869   0.00067322   0.30713476 263.99981587
188.92026218   6.46650869   0.00067322   0.30534887 274.89721916
189.22026218   6.46650869   0.00067322   0.30534887 274.89721916
189.22026218   6.46650869   0.00067322   0.30356298 285.79462245
189.52026218   6.46650869   0.00067322   0.30356298 285.79462245
189.52026218   6.46650869   0.00067322   0.30177709 296.69202575
189.82026218   6.46650869   0.00067322   0.30177709 296.69202575
189.82026218   6.46650869   0.00067322   0.29999120 307.58942904
189.92342966   6.46650869   0.00067322   0.29999120 307.58942904
189.92342966   3.76973831   0.00085353   1.09986726 329.56725625
225.95159181   3.76973831   0.00085353   1.09986726 329.56725625
225.95159181   6.46650869   0.00067322   0.32198096 242.16863397
226.25159181   6.46650869   0.00067322   0.32198096 242.16863397
226.25159181   6.46650869   0.00067322   0.32136195 240.65040443
226.55159181   6.46650869   0.00067322   0.32136195 240.65040443
226.55159181   6.46650869   0.00067322   0.32074295 239.13217490
226.85159181   6.46650869   0.00067322   0.32074295 239.13217490
226.85159181   6.46650869   0.00067322   0.32012394 237.61394536
227.15159181   6.46650869   0.00067322   0.32012394 237.61394536
227.15159181   6.46650869   0.00067322   0.31950493 236.09571583
227.45159181   6.46650869   0.00067322   0.31950493 236.09571583
227.45159181   6.46650869   0.00067322   0.31888593 234.57748630
227.75159181   6.46650869   0.00067322   0.31888593 234.57748630
227.75159181   6.46650869   0.00067322   0.31826692 233.05925676
228.05159181   6.46650869   0.00067322   0.31826692 233.05925676
228.05159181   6.46650869   0.00067322   0.31764791 231.54102723
228.35159181   6.46650869   0.00067322   0.31764791 231.54102723
228.35159181   6.46650869   0.00067322   0.31702891 230.02279769
228.65159181   6.46650869   0.00067322   0.31702891 230.02279769
228.65159181   6.46650869   0.00067322   0.31640990 228.50456816
228.95159181   6.46650869   0.00067322   0.31640990 228.50456816
228.95159181   6.46650869   0.00067322   0.31579089 226.98633862
229.25159181   6.46650869   0.00067322   0.31579089 226.98633862
229.25159181   6.46650869   0.00067322   0.31517189 225.46810909
229.55159181   6.46650869   0.00067322   0.31517189 225.46810909
229.55159181   6.46650869   0.00067322   0.31455288 223.94987956
229.85159181   6.46650869   0.00067322   0.31455288 223.94987956
229.85159181   6.46650869   0.00067322   0.31393387 222.43165002
230.15159181   6.46650869   0.00067322   0.31393387 222.43165002
230.15159181   6.46650869   0.00067322   0.31331487 220.91342049
230.45159181   6.46650869   0.00067322   0.31331487 220.91342049
230.45159181   6.46650869   0.00067322   0.31269586 219.39519095
230.75159181   6.46650869   0.00067322   0.31269586 219.39519095
230.75159181   6.46650869   0.00067322   0.31207685 217.87696142
231.05159181   6.46650869   0.00067322   0.31207685 217.87696142
231.05159181   6.46650869   0.00067322   0.31145785 216.35873188
231.35159181   6.46650869   0.00067322   0.31145785 216.35873188
231.35159181   6.46650869   0.00067322   0.31083884 214.84050235
231.65159181   6.46650869   0.00067322   0.31083884 214.84050235
231.65159181   6.46650869   0.00067322   0.31021983 213.32227281
231.95159181   6.46650869   0.00067322   0.31021983 213.32227281
231.95159181   6.46650869   0.00067322   0.30960083 211.80404328
232.25159181   6.46650869   0.00067322   0.30960083 211.80404328
232.25159181   6.46650869   0.00067322   0.30898182 210.28581375
232.55159181   6.46650869   0.00067322   0.30898182 210.28581375
232.55159181   6.46650869   0.00067322   0.30836281 208.76758421
232.85159181   6.46650869   0.00067322   0.30836281 208.76758421
232.85159181   6.46650869   0.00067322   0.30774381 207.24935468
233.15159181   6.46650869   0.00067322   0.30774381 207.24935468
233.15159181   6.46650869   0.00067322   0.30712480 205.73112514
233.45159181   6.46650869   0.00067322   0.30712480 205.73112514
233.45159181   6.46650869   0.00067322   0.30650579 204.21289561
233.75159181   6.46650869   0.00067322   0.30650579 204.21289561
233.75159181   6.46650869   0.00067322   0.30588679 202.69466607
234.05159181   6.46650869   0.00067322   0.30588679 202.69466607
234.05159181   6.46650869   0.00067322   0.30526778 201.17643654
234.35159181   6.46650869   0.00067322   0.30526778 201.17643654
234.35159181   6.46650869   0.00067322   0.30464877 199.65820701
234.65159181   6.46650869   0.00067322   0.30464877 199.65820701
234.65159181   6.46650869   0.00067322   0.30402977 198.13997747
234.95159181   6.46650869   0.00067322   0.30402977 198.13997747
234.95159181   6.46650869   0.00067322   0.30341076 196.62174794
235.25159181   6.46650869   0.00067322   0.30341076 196.62174794
235.25159181   6.46650869   0.00067322   0.30279175 195.10351840
235.55159181   6.46650869   0.00067322   0.30279175 195.10351840
235.55159181   6.46650869   0.00067322   0.30217275 193.58528887
235.85159181   6.46650869   0.00067322   0.30217275 193.58528887
235.85159181   6.46650869   0.00067322   0.30155374 192.06705933
236.15159181   6.46650869   0.00067322   0.30155374 192.06705933
236.15159181   6.46650869   0.00067322   0.30093473 190.54882980
236.15399640   6.46650869   0.00067322   0.30093473 190.54882980
236.15399640   3.76973831   0.00085353   1.18956362 177.25292084
278.85442452   3.76973831   0.00085353   1.18956362 177.25292084
278.85442452   6.46650869   0.00067322   0.31697205 186.48902669
279.15442452   6.46650869   0.00067322   0.31697205 186.48902669
279.15442452   6.46650869   0.00067322   0.31670953 176.72998816
279.45442452   6.46650869   0.00067322   0.31670953 176.72998816
279.45442452   6.46650869   0.00067322   0.31644702 166.97094962
279.75442452   6.46650869   0.00067322   0.31644702 166.97094962
279.75442452   6.46650869   0.00067322   0.31618450 157.21191108
280.05442452   6.46650869   0.00067322   0.31618450 157.21191108
280.05442452   6.46650869   0.00067322   0.31592198 147.45287254
280.35442452   6.46650869   0.00067322   0.31592198 147.45287254
280.35442452   6.46650869   0.00067322   0.31565947 137.69383401
280.65442452   6.46650869   0.00067322   0.31565947 137.69383401
280.65442452   6.46650869   0.00067322   0.31539695 127.93479547
280.95442452   6.46650869   0.00067322   0.31539695 127.93479547
280.95442452   6.46650869   0.00067322   0.31513443 118.17575693
281.25442452   6.46650869   0.00067322   0.31513443 118.17575693
281.25442452   6.46650869   0.00067322   0.31487192 108.41671840
281.55442452   6.46650869   0.00067322   0.31487192 108.41671840
281.55442452   6.46650869   0.00067322   0.31460940  98.65767986
281.85442452   6.46650869   0.00067322   0.31460940  98.65767986
281.85442452   6.46650869   0.00067322   0.31434688  88.89864132
282.15442452   6.46650869   0.00067322   0.31434688  88.89864132
282.15442452   6.46650869   0.00067322   0.31408437  79.13960278
282.45442452   6.46650869   0.00067322   0.31408437  79.13960278
282.45442452   6.46650869   0.00067322   0.31382185  69.38056425
282.75442452   6.46650869   0.00067322   0.31382185  69.38056425
282.75442452   6.46650869   0.00067322   0.31355933  59.62152571
283.05442452   6.46650869   0.00067322   0.31355933  59.62152571
283.05442452   6.46650869   0.00067322   0.31329682  49.86248717
283.35442452   6.46650869   0.00067322   0.31329682  49.86248717
283.35442452   6.46650869   0.00067322   0.31303430  40.10344864
283.65442452   6.46650869   0.00067322   0.31303430  40.10344864
283.65442452   6.46650869   0.00067322   0.31277178  30.34441010
283.95442452   6.46650869   0.00067322   0.31277178  30.34441010
283.95442452   6.46650869   0.00067322   0.31250927  20.58537156
284.25442452   6.46650869   0.00067322   0.31250927  20.58537156
284.25442452   6.46650869   0.00067322   0.31224675  10.82633302
284.55442452   6.46650869   0.00067322   0.31224675  10.82633302
284.55442452   6.46650869   0.00067322   0.31198423   1.06729449
284.65325457   6.46650869   0.00067322   0.31198423   1.06729449
284.65325457   3.76973831   0.00085353   0.90018444 317.36551086
316.66183363   3.76973831   0.00085353   0.90018444 317.36551086
316.66183363   6.46650869   0.00067322   0.29899112 180.82019619
316.96183363   6.46650869   0.00067322   0.29899112 180.82019619
316.96183363   6.46650869   0.00067322   0.29899131 180.63803087
317.26183363   6.46650869   0.00067322   0.29899131 180.63803087
317.26183363   6.46650869   0.00067322   0.29899151 180.45586556
317.56183363   6.46650869   0.00067322   0.29899151 180.45586556
317.56183363   6.46650869   0.00067322   0.29899170 180.27370025
317.86183363   6.46650869   0.00067322   0.29899170 180.27370025
317.86183363   6.46650869   0.00067322   0.29899190 180.09153494
318.16183363   6.46650869   0.00067322   0.29899190 180.09153494
318.16183363   6.46650869   0.00067322   0.29899210 179.90936963
318.46183363   6.46650869   0.00067322   0.29899210 179.90936963
318.46183363   6.46650869   0.00067322   0.29899229 179.72720431
318.76183363   6.46650869   0.00067322   0.29899229 179.72720431
318.76183363   6.46650869   0.00067322   0.29899249 179.54503900
319.06183363   6.46650869   0.00067322   0.29899249 179.54503900
319.06183363   6.46650869   0.00067322   0.29899268 179.36287369
319.36183363   6.46650869   0.00067322   0.29899268 179.36287369
319.36183363   6.46650869   0.00067322   0.29899288 179.18070838
319.66183363   6.46650869   0.00067322   0.29899288 179.18070838
319.66183363   6.46650869   0.00067322   0.29899307 178.99854307
319.96183363   6.46650869   0.00067322   0.29899307 178.99854307
319.96183363   6.46650869   0.00067322   0.29899327 178.81637775
320.26183363   6.46650869   0.00067322   0.29899327 178.81637775
320.26183363   6.46650869   0.00067322   0.29899347 178.63421244
320.56183363   6.46650869   0.00067322   0.29899347 178.63421244
320.56183363   6.46650869   0.00067322   0.29899366 178.45204713
320.86183363   6.46650869   0.00067322   0.29899366 178.45204713
320.86183363   6.46650869   0.00067322   0.29899386 178.26988182
321.16183363   6.46650869   0.00067322   0.29899386 178.26988182
321.16183363   6.46650869   0.00067322   0.29899405 178.08771651
321.46183363   6.46650869   0.00067322   0.29899405 178.08771651
321.46183363   6.46650869   0.00067322   0.29899425 177.90555120
321.76183363   6.46650869   0.00067322   0.29899425 177.90555120
321.76183363   6.46650869   0.00067322   0.29899444 177.72338588
322.06183363   6.46650869   0.00067322   0.29899444 177.72338588
322.06183363   6.46650869   0.00067322   0.29899464 177.54122057
322.36183363   6.46650869   0.00067322   0.29899464 177.54122057
322.36183363   6.46650869   0.00067322   0.29899483 177.35905526
322.66183363   6.46650869   0.00067322   0.29899483 177.35905526
322.66183363   6.46650869   0.00067322   0.29899503 177.17688995
322.96183363   6.46650869   0.00067322   0.29899503 177.17688995
322.96183363   6.46650869   0.00067322   0.29899523 176.99472464
323.26183363   6.46650869   0.00067322   0.29899523 176.99472464
323.26183363   6.46650869   0.00067322   0.29899542 176.81255932
323.56183363   6.46650869   0.00067322   0.29899542 176.81255932
323.56183363   6.46650869   0.00067322   0.29899562 176.63039401
323.86183363   6.46650869   0.00067322   0.29899562 176.63039401
323.86183363   6.46650869   0.00067322   0.29899581 176.44822870
324.16183363   6.46650869   0.00067322   0.29899581 176.44822870
324.16183363   6.46650869   0.00067322   0.29899601 176.26606339
324.46183363   6.46650869   0.00067322   0.29899601 176.26606339
324.46183363   6.46650869   0.00067322   0.29899620 176.08389808
324.76183363   6.46650869   0.00067322   0.29899620 176.08389808
324.76183363   6.46650869   0.00067322   0.29899640 175.90173276
325.06183363   6.46650869   0.00067322   0.29899640 175.90173276
325.06183363   6.46650869   0.00067322   0.29899660 175.71956745
325.36183363   6.46650869   0.00067322   0.29899660 175.71956745
325.36183363   6.46650869   0.00067322   0.29899679 175.53740214
325.66183363   6.46650869   0.00067322   0.29899679 175.53740214
325.66183363   6.46650869   0.00067322   0.29899699 175.35523683
325.96183363   6.46650869   0.00067322   0.29899699 175.35523683
325.96183363   6.46650869   0.00067322   0.29899718 175.17307152
326.26183363   6.46650869   0.00067322   0.29899718 175.17307152
326.26183363   6.46650869   0.00067322   0.29899738 174.99090620
326.56183363   6.46650869   0.00067322   0.29899738 174.99090620
326.56183363   6.46650869   0.00067322   0.29899757 174.80874089
326.86183363   6.46650869   0.00067322   0.29899757 174.80874089
326.86183363   6.46650869   0.00067322   0.29899777 174.62657558
327.16183363   6.46650869   0.00067322   0.29899777 174.62657558
327.16183363   6.46650869   0.00067322   0.29899797 174.44441027
327.46183363   6.46650869   0.00067322   0.29899797 174.44441027
327.46183363   6.46650869   0.00067322   0.29899816 174.26224496
327.76183363   6.46650869   0.00067322   0.29899816 174.26224496
327.76183363   6.46650869   0.00067322   0.29899836 174.08007964
328.06183363   6.46650869   0.00067322   0.29899836 174.08007964
328.06183363   6.46650869   0.00067322   0.29899855 173.89791433
328.36183363   6.46650869   0.00067322   0.29899855 173.89791433
328.36183363   6.46650869   0.00067322   0.29899875 173.71574902
328.66183363   6.46650869   0.00067322   0.29899875 173.71574902
328.66183363   6.46650869   0.00067322   0.29899894 173.53358371
328.96183363   6.46650869   0.00067322   0.29899894 173.53358371
328.96183363   6.46650869   0.00067322   0.29899914 173.35141840
329.26183363   6.46650869   0.00067322   0.29899914 173.35141840
329.26183363   6.46650869   0.00067322   0.29899933 173.16925308
329.46804208   6.46650869   0.00067322   0.29899933 173.16925308
329.46804208   3.76973831   0.00085353   0.85016875 358.99985944
361.48311249   3.76973831   0.00085353   0.85016875 358.99985944
361.48311249   6.46650869   0.00067322   0.30998808 100.94363390
361.78311249   6.46650869   0.00067322   0.30998808 100.94363390
361.78311249   6.46650869   0.00067322   0.30945411  99.03473691
362.08311249   6.46650869   0.00067322   0.30945411  99.03473691
362.08311249   6.46650869   0.00067322   0.30892014  97.12583993
362.38311249   6.46650869   0.00067322   0.30892014  97.12583993
362.38311249   6.46650869   0.00067322   0.30838617  95.21694294
362.68311249   6.46650869   0.00067322   0.30838617  95.21694294
362.68311249   6.46650869   0.00067322   0.30785220  93.30804596
362.98311249   6.46650869   0.00067322   0.30785220  93.30804596
362.98311249   6.46650869   0.00067322   0.30731823  91.39914897
363.28311249   6.46650869   0.00067322   0.30731823  91.39914897
363.28311249   6.46650869   0.00067322   0.30678425  89.49025199
363.58311249   6.46650869   0.00067322   0.30678425  89.49025199
363.58311249   6.46650869   0.00067322   0.30625028  87.58135500
363.88311249   6.46650869   0.00067322   0.30625028  87.58135500
363.88311249   6.46650869   0.00067322   0.30571631  85.67245802
364.18311249   6.46650869   0.00067322   0.30571631  85.67245802
364.18311249   6.46650869   0.00067322   0.30518234  83.76356103
364.48311249   6.46650869   0.00067322   0.30518234  83.76356103
364.48311249   6.46650869   0.00067322   0.30464837  81.85466405
364.78311249   6.46650869   0.00067322   0.30464837  81.85466405
364.78311249   6.46650869   0.00067322   0.30411439  79.94576706
365.08311249   6.46650869   0.00067322   0.30411439  79.94576706
365.08311249   6.46650869   0.00067322   0.30358042  78.03687007
365.38311249   6.46650869   0.00067322   0.30358042  78.03687007
365.38311249   6.46650869   0.00067322   0.30304645  76.12797309
365.68311249   6.46650869   0.00067322   0.30304645  76.12797309
365.68311249   6.46650869   0.00067322   0.30251248  74.21907610
365.98311249   6.46650869   0.00067322   0.30251248  74.21907610
365.98311249   6.46650869   0.00067322   0.30197851  72.31017912
366.28311249   6.46650869   0.00067322   0.30197851  72.31017912
366.28311249   6.46650869   0.00067322   0.30144454  70.40128213
366.58311249   6.46650869   0.00067322   0.30144454  70.40128213
366.58311249   6.46650869   0.00067322   0.30091056  68.49238515
366.68233762   6.46650869   0.00067322   0.30091056  68.49238515
366.68233762   3.76973831   0.00085353   1.11207210 355.95900555
400.81974591   3.76973831   0.00085353   1.11207210 355.95900555
400.81974591   6.46650869   0.00067322   0.30389934 193.37025235
401.11974591   6.46650869   0.00067322   0.30389934 193.37025235
401.11974591   6.46650869   0.00067322   0.30382854 193.03358735
401.41974591   6.46650869   0.00067322   0.30382854 193.03358735
401.41974591   6.46650869   0.00067322   0.30375774 192.69692235
401.71974591   6.46650869   0.00067322   0.30375774 192.69692235
401.71974591   6.46650869   0.00067322   0.30368694 192.36025735
402.01974591   6.46650869   0.00067322   0.30368694 192.36025735
402.01974591   6.46650869   0.00067322   0.30361614 192.02359236
402.31974591   6.46650869   0.00067322   0.30361614 192.02359236
402.31974591   6.46650869   0.00067322   0.30354534 191.68692736
402.61974591   6.46650869   0.00067322   0.30354534 191.68692736
402.61974591   6.46650869   0.00067322   0.30347454 191.35026236
402.91974591   6.46650869   0.00067322   0.30347454 191.35026236
402.91974591   6.46650869   0.00067322   0.30340374 191.01359736
403.21974591   6.46650869   0.00067322   0.30340374 191.01359736
403.21974591   6.46650869   0.00067322   0.30333293 190.67693237
403.51974591   6.46650869   0.00067322   0.30333293 190.67693237
403.51974591   6.46650869   0.00067322   0.30326213 190.34026737
403.81974591   6.46650869   0.00067322   0.30326213 190.34026737
403.81974591   6.46650869   0.00067322   0.30319133 190.00360237
404.11974591   6.46650869   0.00067322   0.30319133 190.00360237
404.11974591   6.46650869   0.00067322   0.30312053 189.66693737
404.41974591   6.46650869   0.00067322   0.30312053 189.66693737
404.41974591   6.46650869   0.00067322   0.30304973 189.33027237
404.71974591   6.46650869   0.00067322   0.30304973 189.33027237
404.71974591   6.46650869   0.00067322   0.30297893 188.99360738
405.01974591   6.46650869   0.00067322   0.30297893 188.99360738
405.01974591   6.46650869   0.00067322   0.30290813 188.65694238
405.31974591   6.46650869   0.00067322   0.30290813 188.65694238
405.31974591   6.46650869   0.00067322   0.30283732 188.32027738
405.61974591   6.46650869   0.00067322   0.30283732 188.32027738
405.61974591   6.46650869   0.00067322   0.30276652 187.98361238
405.91974591   6.46650869   0.00067322   0.30276652 187.98361238
405.91974591   6.46650869   0.00067322   0.30269572 187.64694739
406.21974591   6.46650869   0.00067322   0.30269572 187.64694739
406.21974591   6.46650869   0.00067322   0.30262492 187.31028239
406.51974591   6.46650869   0.00067322   0.30262492 187.31028239
406.51974591   6.46650869   0.00067322   0.30255412 186.97361739
406.81974591   6.46650869   0.00067322   0.30255412 186.97361739
406.81974591   6.46650869   0.00067322   0.30248332 186.63695239
407.11974591   6.46650869   0.00067322   0.30248332 186.63695239
407.11974591   6.46650869   0.00067322   0.30241252 186.30028740
407.41974591   6.46650869   0.00067322   0.30241252 186.30028740
407.41974591   6.46650869   0.00067322   0.30234172 185.96362240
407.71974591   6.46650869   0.00067322   0.30234172 185.96362240
407.71974591   6.46650869   0.00067322   0.30227091 185.62695740
408.01974591   6.46650869   0.00067322   0.30227091 185.62695740
408.01974591   6.46650869   0.00067322   0.30220011 185.29029240
408.31974591   6.46650869   0.00067322   0.30220011 185.29029240
408.31974591   6.46650869   0.00067322   0.30212931 184.95362740
408.61974591   6.46650869   0.00067322   0.30212931 184.95362740
408.61974591   6.46650869   0.00067322   0.30205851 184.61696241
408.91974591   6.46650869   0.00067322   0.30205851 184.61696241
408.91974591   6.46650869   0.00067322   0.30198771 184.28029741
409.21974591   6.46650869   0.00067322   0.30198771 184.28029741
409.21974591   6.46650869   0.00067322   0.30191691 183.94363241
409.51974591   6.46650869   0.00067322   0.30191691 183.94363241
409.51974591   6.46650869   0.00067322   0.30184611 183.60696741
409.81974591   6.46650869   0.00067322   0.30184611 183.60696741
409.81974591   6.46650869   0.00067322   0.30177530 183.27030242
410.11974591   6.46650869   0.00067322   0.30177530 183.27030242
410.11974591   6.46650869   0.00067322   0.30170450 182.93363742
410.41974591   6.46650869   0.00067322   0.30170450 182.93363742
410.41974591   6.46650869   0.00067322   0.30163370 182.59697242
410.71974591   6.46650869   0.00067322   0.30163370 182.59697242
410.71974591   6.46650869   0.00067322   0.30156290 182.26030742
411.01974591   6.46650869   0.00067322   0.30156290 182.26030742
411.01974591   6.46650869   0.00067322   0.30149210 181.92364243
411.31974591   6.46650869   0.00067322   0.30149210 181.92364243
411.31974591   6.46650869   0.00067322   0.30142130 181.58697743
411.61974591   6.46650869   0.00067322   0.30142130 181.58697743
411.61974591   6.46650869   0.00067322   0.30135050 181.25031243
411.91974591   6.46650869   0.00067322   0.30135050 181.25031243
411.91974591   6.46650869   0.00067322   0.30127970 180.91364743
412.21974591   6.46650869   0.00067322   0.30127970 180.91364743
412.21974591   6.46650869   0.00067322   0.30120889 180.57698243
412.51974591   6.46650869   0.00067322   0.30120889 180.57698243
412.51974591   6.46650869   0.00067322   0.30113809 180.24031744
412.81974591   6.46650869   0.00067322   0.30113809 180.24031744
412.81974591   6.46650869   0.00067322   0.30106729 179.90365244
413.11974591   6.46650869   0.00067322   0.30106729 179.90365244
413.11974591   6.46650869   0.00067322   0.30099649 179.56698744
413.41957454   6.46650869   0.00067322   0.30099649 179.56698744
413.41957454   3.76973831   0.00085353   0.89404198 358.99986270
445.03148727   3.76973831   0.00085353   0.89404198 358.99986270
445.03148727   6.46650869   0.00067322   0.32398427 358.56001093
445.33148727   6.46650869   0.00067322   0.32398427 358.56001093
445.33148727   6.46650869   0.00067322   0.32312784 358.45288301
445.63148727   6.46650869   0.00067322   0.32312784 358.45288301
445.63148727   6.46650869   0.00067322   0.32227141 358.34575508
445.93148727   6.46650869   0.00067322   0.32227141 358.34575508
445.93148727   6.46650869   0.00067322   0.32141498 358.23862716
446.23148727   6.46650869   0.00067322   0.32141498 358.23862716
446.23148727   6.46650869   0.00067322   0.32055855 358.13149924
446.53148727   6.46650869   0.00067322   0.32055855 358.13149924
446.53148727   6.46650869   0.00067322   0.31970212 358.02437131
446.83148727   6.46650869   0.00067322   0.31970212 358.02437131
446.83148727   6.46650869   0.00067322   0.31884569 357.91724339
447.13148727   6.46650869   0.00067322   0.31884569 357.91724339
447.13148727   6.46650869   0.00067322   0.31798927 357.81011546
447.43148727   6.46650869   0.00067322   0.31798927 357.81011546
447.43148727   6.46650869   0.00067322   0.31713284 357.70298754
447.73148727   6.46650869   0.00067322   0.31713284 357.70298754
447.73148727   6.46650869   0.00067322   0.31627641 357.59585961
448.03148727   6.46650869   0.00067322   0.31627641 357.59585961
448.03148727   6.46650869   0.00067322   0.31541998 357.48873169
448.33148727   6.46650869   0.00067322   0.31541998 357.48873169
448.33148727   6.46650869   0.00067322   0.31456355 357.38160377
448.63148727   6.46650869   0.00067322   0.31456355 357.38160377
448.63148727   6.46650869   0.00067322   0.31370712 357.27447584
448.93148727   6.46650869   0.00067322   0.31370712 357.27447584
448.93148727   6.46650869   0.00067322   0.31285069 357.16734792
449.23148727   6.46650869   0.00067322   0.31285069 357.16734792
449.23148727   6.46650869   0.00067322   0.31199426 357.06021999
449.38486028   6.46650869   0.00067322   0.31199426 357.06021999
449.38486028   3.76973831   0.00085353   1.20981171 358.92292861
491.77468369   3.76973831   0.00085353   1.20981171 358.92292861
491.77468369   6.46650869   0.00067322   0.32488132 167.44776129
492.07468369   6.46650869   0.00067322   0.32488132 167.44776129
492.07468369   6.46650869   0.00067322   0.32491863 165.82842522
492.37468369   6.46650869   0.00067322   0.32491863 165.82842522
492.37468369   6.46650869   0.00067322   0.32495593 164.20908915
492.67468369   6.46650869   0.00067322   0.32495593 164.20908915
492.67468369   6.46650869   0.00067322   0.32499324 162.58975308
492.97468369   6.46650869   0.00067322   0.32499324 162.58975308
492.97468369   6.46650869   0.00067322   0.32503054 160.97041701
493.27468369   6.46650869   0.00067322   0.32503054 160.97041701
493.27468369   6.46650869   0.00067322   0.32506785 159.35108094
493.57468369   6.46650869   0.00067322   0.32506785 159.35108094
493.57468369   6.46650869   0.00067322   0.32510515 157.73174487
493.87468369   6.46650869   0.00067322   0.32510515 157.73174487
493.87468369   6.46650869   0.00067322   0.32514246 156.11240880
494.17468369   6.46650869   0.00067322   0.32514246 156.11240880
494.17468369   6.46650869   0.00067322   0.32517977 154.49307273
494.47468369   6.46650869   0.00067322   0.32517977 154.49307273
494.47468369   6.46650869   0.00067322   0.32521707 152.87373666
494.77468369   6.46650869   0.00067322   0.32521707 152.87373666
494.77468369   6.46650869   0.00067322   0.32525438 151.25440059
495.07468369   6.46650869   0.00067322   0.32525438 151.25440059
495.07468369   6.46650869   0.00067322   0.32529168 149.63506452
495.37468369   6.46650869   0.00067322   0.32529168 149.63506452
495.37468369   6.46650869   0.00067322   0.32532899 148.01572845
495.67468369   6.46650869   0.00067322   0.32532899 148.01572845
495.67468369   6.46650869   0.00067322   0.32536629 146.39639238
495.97468369   6.46650869   0.00067322   0.32536629 146.39639238
495.97468369   6.46650869   0.00067322   0.32540360 144.77705631
496.27468369   6.46650869   0.00067322   0.32540360 144.77705631
496.27468369   6.46650869   0.00067322   0.32544090 143.15772024
496.57468369   6.46650869   0.00067322   0.32544090 143.15772024
496.57468369   6.46650869   0.00067322   0.32547821 141.53838417
496.87468369   6.46650869   0.00067322   0.32547821 141.53838417
496.87468369   6.46650869   0.00067322   0.32551551 139.91904810
497.17468369   6.46650869   0.00067322   0.32551551 139.91904810
497.17468369   6.46650869   0.00067322   0.32555282 138.29971203
497.47468369   6.46650869   0.00067322   0.32555282 138.29971203
497.47468369   6.46650869   0.00067322   0.32559012 136.68037596
497.77468369   6.46650869   0.00067322   0.32559012 136.68037596
497.77468369   6.46650869   0.00067322   0.32562743 135.06103989
498.07468369   6.46650869   0.00067322   0.32562743 135.06103989
498.07468369   6.46650869   0.00067322   0.32566473 133.44170382
498.37468369   6.46650869   0.00067322   0.32566473 133.44170382
498.37468369   6.46650869   0.00067322   0.32570204 131.82236775
498.67468369   6.46650869   0.00067322   0.32570204 131.82236775
498.67468369   6.46650869   0.00067322   0.32573934 130.20303168
498.97468369   6.46650869   0.00067322   0.32573934 130.20303168
498.97468369   6.46650869   0.00067322   0.32577665 128.58369561
499.27468369   6.46650869   0.00067322   0.32577665 128.58369561
499.27468369   6.46650869   0.00067322   0.32581395 126.96435954
499.57468369   6.46650869   0.00067322   0.32581395 126.96435954
499.57468369   6.46650869   0.00067322   0.32585126 125.34502347
499.87468369   6.46650869   0.00067322   0.32585126 125.34502347
499.87468369   6.46650869   0.00067322   0.32588856 123.72568741
500.17468369   6.46650869   0.00067322   0.32588856 123.72568741
500.17468369   6.46650869   0.00067322   0.32592587 122.10635134
500.47468369   6.46650869   0.00067322   0.32592587 122.10635134
500.47468369   6.46650869   0.00067322   0.32596317 120.48701527
500.77468369   6.46650869   0.00067322   0.32596317 120.48701527
500.77468369   6.46650869   0.00067322   0.32600048 118.86767920
501.07468369   6.46650869   0.00067322   0.32600048 118.86767920
501.07468369   6.46650869   0.00067322   0.32603778 117.24834313
501.37468369   6.46650869   0.00067322   0.32603778 117.24834313
501.37468369   6.46650869   0.00067322   0.32607509 115.62900706
501.67468369   6.46650869   0.00067322   0.32607509 115.62900706
501.67468369   6.46650869   0.00067322   0.32611239 114.00967099
501.97468369   6.46650869   0.00067322   0.32611239 114.00967099
501.97468369   6.46650869   0.00067322   0.32614970 112.39033492
502.27468369   6.46650869   0.00067322   0.32614970 112.39033492
502.27468369   6.46650869   0.00067322   0.32618700 110.77099885
502.57468369   6.46650869   0.00067322   0.32618700 110.77099885
502.57468369   6.46650869   0.00067322   0.32622431 109.15166278
502.87468369   6.46650869   0.00067322   0.32622431 109.15166278
502.87468369   6.46650869   0.00067322   0.32626161 107.53232671
503.17468369   6.46650869   0.00067322   0.32626161 107.53232671
503.17468369   6.46650869   0.00067322   0.32629892 105.91299064
503.47468369   6.46650869   0.00067322   0.32629892 105.91299064
503.47468369   6.46650869   0.00067322   0.32633622 104.29365457
503.77468369   6.46650869   0.00067322   0.32633622 104.29365457
503.77468369   6.46650869   0.00067322   0.32637353 102.67431850
504.07468369   6.46650869   0.00067322   0.32637353 102.67431850
504.07468369   6.46650869   0.00067322   0.32641083 101.05498243
504.37468369   6.46650869   0.00067322   0.32641083 101.05498243
504.37468369   6.46650869   0.00067322   0.32644814  99.43564636
504.67468369   6.46650869   0.00067322   0.32644814  99.43564636
504.67468369   6.46650869   0.00067322   0.32648545  97.81631029
504.97468369   6.46650869   0.00067322   0.32648545  97.81631029
504.97468369   6.46650869   0.00067322   0.32652275  96.19697422
505.27468369   6.46650869   0.00067322   0.32652275  96.19697422
505.27468369   6.46650869   0.00067322   0.32656006  94.57763815
505.57468369   6.46650869   0.00067322   0.32656006  94.57763815
505.57468369   6.46650869   0.00067322   0.32659736  92.95830208
505.87468369   6.46650869   0.00067322   0.32659736  92.95830208
505.87468369   6.46650869   0.00067322   0.32663467  91.33896601
506.17468369   6.46650869   0.00067322   0.32663467  91.33896601
506.17468369   6.46650869   0.00067322   0.32667197  89.71962994
506.47468369   6.46650869   0.00067322   0.32667197  89.71962994
506.47468369   6.46650869   0.00067322   0.32670928  88.10029387
506.77468369   6.46650869   0.00067322   0.32670928  88.10029387
506.77468369   6.46650869   0.00067322   0.32674658  86.48095780
507.07468369   6.46650869   0.00067322   0.32674658  86.48095780
507.07468369   6.46650869   0.00067322   0.32678389  84.86162173
507.37468369   6.46650869   0.00067322   0.32678389  84.86162173
507.37468369   6.46650869   0.00067322   0.32682119  83.24228566
507.48709063   6.46650869   0.00067322   0.32682119  83.24228566
507.48709063   3.76973831   0.00085353   0.99943041 358.92238864
537.87314693   3.76973831   0.00085353   0.99943041 358.92238864
537.87314693   6.46650869   0.00067322   0.29885678 357.73576809
538.17314693   6.46650869   0.00067322   0.29885678 357.73576809
538.17314693   6.46650869   0.00067322   0.29974737 357.78642388
538.47314693   6.46650869   0.00067322   0.29974737 357.78642388
538.47314693   6.46650869   0.00067322   0.30063797 357.83707967
538.77314693   6.46650869   0.00067322   0.30063797 357.83707967
538.77314693   6.46650869   0.00067322   0.30152856 357.88773546
539.07314693   6.46650869   0.00067322   0.30152856 357.88773546
539.07314693   6.46650869   0.00067322   0.30241916 357.93839125
539.37314693   6.46650869   0.00067322   0.30241916 357.93839125
539.37314693   6.46650869   0.00067322   0.30330976 357.98904704
539.67314693   6.46650869   0.00067322   0.30330976 357.98904704
539.67314693   6.46650869   0.00067322   0.30420035 358.03970283
539.97314693   6.46650869   0.00067322   0.30420035 358.03970283
539.97314693   6.46650869   0.00067322   0.30509095 358.09035862
540.27314693   6.46650869   0.00067322   0.30509095 358.09035862
540.27314693   6.46650869   0.00067322   0.30598154 358.14101441
540.57314693   6.46650869   0.00067322   0.30598154 358.14101441
540.57314693   6.46650869   0.00067322   0.30687214 358.19167020
540.87314693   6.46650869   0.00067322   0.30687214 358.19167020
540.87314693   6.46650869   0.00067322   0.30776273 358.24232599
541.17314693   6.46650869   0.00067322   0.30776273 358.24232599
541.17314693   6.46650869   0.00067322   0.30865333 358.29298178
541.47314693   6.46650869   0.00067322   0.30865333 358.29298178
541.47314693   6.46650869   0.00067322   0.30954392 358.34363757
541.77314693   6.46650869   0.00067322   0.30954392 358.34363757
541.77314693   6.46650869   0.00067322   0.31043452 358.39429336
542.07314693   6.46650869   0.00067322   0.31043452 358.39429336
542.07314693   6.46650869   0.00067322   0.31132511 358.44494916
542.37314693   6.46650869   0.00067322   0.31132511 358.44494916
542.37314693   6.46650869   0.00067322   0.31221571 358.49560495
542.67314693   6.46650869   0.00067322   0.31221571 358.49560495
542.67314693   6.46650869   0.00067322   0.31310631 358.54626074
542.97314693   6.46650869   0.00067322   0.31310631 358.54626074
542.97314693   6.46650869   0.00067322   0.31399690 358.59691653
543.26496764   6.46650869   0.00067322   0.31399690 358.59691653
543.26496764   3.76973831   0.00085353   0.98016824 188.03904595
572.26762846   3.76973831   0.00085353   0.98016824 188.03904595
572.26762846   6.46650869   0.00067322   0.30761638   7.19491590
572.56762846   6.46650869   0.00067322   0.30761638   7.19491590
572.56762846   6.46650869   0.00067322   0.30767718   7.67446732
572.86762846   6.46650869   0.00067322   0.30767718   7.67446732
572.86762846   6.46650869   0.00067322   0.30773798   8.15401874
573.16762846   6.46650869   0.00067322   0.30773798   8.15401874
573.16762846   6.46650869   0.00067322   0.30779878   8.63357017
573.46762846   6.46650869   0.00067322   0.30779878   8.63357017
573.46762846   6.46650869   0.00067322   0.30785958   9.11312159
573.76762846   6.46650869   0.00067322   0.30785958   9.11312159
573.76762846   6.46650869   0.00067322   0.30792038   9.59267301
574.06762846   6.46650869   0.00067322   0.30792038   9.59267301
574.06762846   6.46650869   0.00067322   0.30798118  10.07222443
574.36762846   6.46650869   0.00067322   0.30798118  10.07222443
574.36762846   6.46650869   0.00067322   0.30804199  10.55177585
574.66762846   6.46650869   0.00067322   0.30804199  10.55177585
574.66762846   6.46650869   0.00067322   0.30810279  11.03132728
574.96762846   6.46650869   0.00067322   0.30810279  11.03132728
574.96762846   6.46650869   0.00067322   0.30816359  11.51087870
575.26762846   6.46650869   0.00067322   0.30816359  11.51087870
575.26762846   6.46650869   0.00067322   0.30822439  11.99043012
575.56762846   6.46650869   0.00067322   0.30822439  11.99043012
575.56762846   6.46650869   0.00067322   0.30828519  12.46998154
575.86762846   6.46650869   0.00067322   0.30828519  12.46998154
575.86762846   6.46650869   0.00067322   0.30834599  12.94953297
576.16762846   6.46650869   0.00067322   0.30834599  12.94953297
576.16762846   6.46650869   0.00067322   0.30840679  13.42908439
576.46762846   6.46650869   0.00067322   0.30840679  13.42908439
576.46762846   6.46650869   0.00067322   0.30846759  13.90863581
576.76762846   6.46650869   0.00067322   0.30846759  13.90863581
576.76762846   6.46650869   0.00067322   0.30852839  14.38818723
577.06762846   6.46650869   0.00067322   0.30852839  14.38818723
577.06762846   6.46650869   0.00067322   0.30858919  14.86773865
577.36762846   6.46650869   0.00067322   0.30858919  14.86773865
577.36762846   6.46650869   0.00067322   0.30864999  15.34729008
577.66762846   6.46650869   0.00067322   0.30864999  15.34729008
577.66762846   6.46650869   0.00067322   0.30871079  15.82684150
577.96762846   6.46650869   0.00067322   0.30871079  15.82684150
577.96762846   6.46650869   0.00067322   0.30877159  16.30639292
578.26762846   6.46650869   0.00067322   0.30877159  16.30639292
578.26762846   6.46650869   0.00067322   0.30883239  16.78594434
578.56762846   6.46650869   0.00067322   0.30883239  16.78594434
578.56762846   6.46650869   0.00067322   0.30889319  17.26549576
578.86762846   6.46650869   0.00067322   0.30889319  17.26549576
578.86762846   6.46650869   0.00067322   0.30895399  17.74504719
579.16762846   6.46650869   0.00067322   0.30895399  17.74504719
579.16762846   6.46650869   0.00067322   0.30901479  18.22459861
579.46762846   6.46650869   0.00067322   0.30901479  18.22459861
579.46762846   6.46650869   0.00067322   0.30907559  18.70415003
579.76762846   6.46650869   0.00067322   0.30907559  18.70415003
579.76762846   6.46650869   0.00067322   0.30913639  19.18370145
580.06762846   6.46650869   0.00067322   0.30913639  19.18370145
580.06762846   6.46650869   0.00067322   0.30919719  19.66325287
580.36762846   6.46650869   0.00067322   0.30919719  19.66325287
580.36762846   6.46650869   0.00067322   0.30925799  20.14280430
580.66762846   6.46650869   0.00067322   0.30925799  20.14280430
580.66762846   6.46650869   0.00067322   0.30931879  20.62235572
580.96762846   6.46650869   0.00067322   0.30931879  20.62235572
580.96762846   6.46650869   0.00067322   0.30937959  21.10190714
581.26762846   6.46650869   0.00067322   0.30937959  21.10190714
581.26762846   6.46650869   0.00067322   0.30944040  21.58145856
581.56762846   6.46650869   0.00067322   0.30944040  21.58145856
581.56762846   6.46650869   0.00067322   0.30950120  22.06100998
581.86762846   6.46650869   0.00067322   0.30950120  22.06100998
581.86762846   6.46650869   0.00067322   0.30956200  22.54056141
582.16762846   6.46650869   0.00067322   0.30956200  22.54056141
582.16762846   6.46650869   0.00067322   0.30962280  23.02011283
582.46762846   6.46650869   0.00067322   0.30962280  23.02011283
582.46762846   6.46650869   0.00067322   0.30968360  23.49966425
582.76762846   6.46650869   0.00067322   0.30968360  23.49966425
582.76762846   6.46650869   0.00067322   0.30974440  23.97921567
583.06762846   6.46650869   0.00067322   0.30974440  23.97921567
583.06762846   6.46650869   0.00067322   0.30980520  24.45876710
583.36762846   6.46650869   0.00067322   0.30980520  24.45876710
583.36762846   6.46650869   0.00067322   0.30986600  24.93831852
583.66762846   6.46650869   0.00067322   0.30986600  24.93831852
583.66762846   6.46650869   0.00067322   0.30992680  25.41786994
583.96762846   6.46650869   0.00067322   0.30992680  25.41786994
583.96762846   6.46650869   0.00067322   0.30998760  25.89742136
584.26762846   6.46650869   0.00067322   0.30998760  25.89742136
584.26762846   6.46650869   0.00067322   0.31004840  26.37697278
584.56762846   6.46650869   0.00067322   0.31004840  26.37697278
584.56762846   6.46650869   0.00067322   0.31010920  26.85652421
584.86762846   6.46650869   0.00067322   0.31010920  26.85652421
584.86762846   6.46650869   0.00067322   0.31017000  27.33607563
585.16762846   6.46650869   0.00067322   0.31017000  27.33607563
585.16762846   6.46650869   0.00067322   0.31023080  27.81562705
585.46762846   6.46650869   0.00067322   0.31023080  27.81562705
585.46762846   6.46650869   0.00067322   0.31029160  28.29517847
585.76762846   6.46650869   0.00067322   0.31029160  28.29517847
585.76762846   6.46650869   0.00067322   0.31035240  28.77472989
586.06762846   6.46650869   0.00067322   0.31035240  28.77472989
586.06762846   6.46650869   0.00067322   0.31041320  29.25428132
586.36762846   6.46650869   0.00067322   0.31041320  29.25428132
586.36762846   6.46650869   0.00067322   0.31047400  29.73383274
586.66762846   6.46650869   0.00067322   0.31047400  29.73383274
586.66762846   6.46650869   0.00067322   0.31053480  30.21338416
586.96762846   6.46650869   0.00067322   0.31053480  30.21338416
586.96762846   6.46650869   0.00067322   0.31059560  30.69293558
587.26762846   6.46650869   0.00067322   0.31059560  30.69293558
587.26762846   6.46650869   0.00067322   0.31065640  31.17248700
587.56762846   6.46650869   0.00067322   0.31065640  31.17248700
587.56762846   6.46650869   0.00067322   0.31071720  31.65203843
587.86762846   6.46650869   0.00067322   0.31071720  31.65203843
587.86762846   6.46650869   0.00067322   0.31077800  32.13158985
588.16762846   6.46650869   0.00067322   0.31077800  32.13158985
588.16762846   6.46650869   0.00067322   0.31083881  32.61114127
588.46762846   6.46650869   0.00067322   0.31083881  32.61114127
588.46762846   6.46650869   0.00067322   0.31089961  33.09069269
588.76762846   6.46650869   0.00067322   0.31089961  33.09069269
588.76762846   6.46650869   0.00067322   0.31096041  33.57024411
589.06722402   6.46650869   0.00067322   0.31096041  33.57024411
589.06722402   3.76973831   0.00085353   1.15995607 358.99832809
622.46700737   3.76973831   0.00085353   1.15995607 358.99832809
622.46700737   6.46650869   0.00067322   0.31994967  53.19757570
622.76700737   6.46650869   0.00067322   0.31994967  53.19757570
622.76700737   6.46650869   0.00067322   0.31948171  50.59347177
623.06700737   6.46650869   0.00067322   0.31948171  50.59347177
623.06700737   6.46650869   0.00067322   0.31901374  47.98936784
623.36700737   6.46650869   0.00067322   0.31901374  47.98936784
623.36700737   6.46650869   0.00067322   0.31854578  45.38526392
623.66700737   6.46650869   0.00067322   0.31854578  45.38526392
623.66700737   6.46650869   0.00067322   0.31807781  42.78115999
623.96700737   6.46650869   0.00067322   0.31807781  42.78115999
623.96700737   6.46650869   0.00067322   0.31760985  40.17705607
624.26700737   6.46650869   0.00067322   0.31760985  40.17705607
624.26700737   6.46650869   0.00067322   0.31714188  37.57295214
624.56700737   6.46650869   0.00067322   0.31714188  37.57295214
624.56700737   6.46650869   0.00067322   0.31667391  34.96884822
624.86700737   6.46650869   0.00067322   0.31667391  34.96884822
624.86700737   6.46650869   0.00067322   0.31620595  32.36474429
625.16700737   6.46650869   0.00067322   0.31620595  32.36474429
625.16700737   6.46650869   0.00067322   0.31573798  29.76064037
625.46700737   6.46650869   0.00067322   0.31573798  29.76064037
625.46700737   6.46650869   0.00067322   0.31527002  27.15653644
625.76700737   6.46650869   0.00067322   0.31527002  27.15653644
625.76700737   6.46650869   0.00067322   0.31480205  24.55243252
626.06700737   6.46650869   0.00067322   0.31480205  24.55243252
626.06700737   6.46650869   0.00067322   0.31433408  21.94832859
626.36700737   6.46650869   0.00067322   0.31433408  21.94832859
626.36700737   6.46650869   0.00067322   0.31386612  19.34422467
626.66700737   6.46650869   0.00067322   0.31386612  19.34422467
626.66700737   6.46650869   0.00067322   0.31339815  16.74012074
626.96700737   6.46650869   0.00067322   0.31339815  16.74012074
626.96700737   6.46650869   0.00067322   0.31293019  14.13601682
627.26700737   6.46650869   0.00067322   0.31293019  14.13601682
627.26700737   6.46650869   0.00067322   0.31246222  11.53191289
627.56700737   6.46650869   0.00067322   0.31246222  11.53191289
627.56700737   6.46650869   0.00067322   0.31199425   8.92780897
627.66664927   6.46650869   0.00067322   0.31199425   8.92780897
627.66664927   3.76973831   0.00085353   1.20989302 353.64513552
663.35199029   3.76973831   0.00085353   1.20989302 353.64513552
663.35199029   6.46650869   0.00067322   0.31544466 342.20340206
663.65199029   6.46650869   0.00067322   0.31544466 342.20340206
663.65199029   6.46650869   0.00067322   0.31569645 341.99591305
663.95199029   6.46650869   0.00067322   0.31569645 341.99591305
663.95199029   6.46650869   0.00067322   0.31594824 341.78842403
664.25199029   6.46650869   0.00067322   0.31594824 341.78842403
664.25199029   6.46650869   0.00067322   0.31620004 341.58093502
664.55199029   6.46650869   0.00067322   0.31620004 341.58093502
664.55199029   6.46650869   0.00067322   0.31645183 341.37344600
664.85199029   6.46650869   0.00067322   0.31645183 341.37344600
664.85199029   6.46650869   0.00067322   0.31670362 341.16595699
665.15199029   6.46650869   0.00067322   0.31670362 341.16595699
665.15199029   6.46650869   0.00067322   0.31695541 340.95846797
665.45199029   6.46650869   0.00067322   0.31695541 340.95846797
665.45199029   6.46650869   0.00067322   0.31720721 340.75097895
665.75199029   6.46650869   0.00067322   0.31720721 340.75097895
665.75199029   6.46650869   0.00067322   0.31745900 340.54348994
666.05199029   6.46650869   0.00067322   0.31745900 340.54348994
666.05199029   6.46650869   0.00067322   0.31771079 340.33600092
666.35199029   6.46650869   0.00067322   0.31771079 340.33600092
666.35199029   6.46650869   0.00067322   0.31796258 340.12851191
666.65199029   6.46650869   0.00067322   0.31796258 340.12851191
666.65199029   6.46650869   0.00067322   0.31821438 339.92102289
666.95199029   6.46650869   0.00067322   0.31821438 339.92102289
666.95199029   6.46650869   0.00067322   0.31846617 339.71353388
667.25199029   6.46650869   0.00067322   0.31846617 339.71353388
667.25199029   6.46650869   0.00067322   0.31871796 339.50604486
667.55199029   6.46650869   0.00067322   0.31871796 339.50604486
667.55199029   6.46650869   0.00067322   0.31896976 339.29855585
667.85199029   6.46650869   0.00067322   0.31896976 339.29855585
667.85199029   6.46650869   0.00067322   0.31922155 339.09106683
668.15199029   6.46650869   0.00067322   0.31922155 339.09106683
668.15199029   6.46650869   0.00067322   0.31947334 338.88357782
668.45199029   6.46650869   0.00067322   0.31947334 338.88357782
668.45199029   6.46650869   0.00067322   0.31972513 338.67608880
668.75199029   6.46650869   0.00067322   0.31972513 338.67608880
668.75199029   6.46650869   0.00067322   0.31997693 338.46859979
669.05199029   6.46650869   0.00067322   0.31997693 338.46859979
669.05199029   6.46650869   0.00067322   0.32022872 338.26111077
669.35199029   6.46650869   0.00067322   0.32022872 338.26111077
669.35199029   6.46650869   0.00067322   0.32048051 338.05362176
669.65199029   6.46650869   0.00067322   0.32048051 338.05362176
669.65199029   6.46650869   0.00067322   0.32073231 337.84613274
669.95199029   6.46650869   0.00067322   0.32073231 337.84613274
669.95199029   6.46650869   0.00067322   0.32098410 337.63864373
670.25199029   6.46650869   0.00067322   0.32098410 337.63864373
670.25199029   6.46650869   0.00067322   0.32123589 337.43115471
670.55199029   6.46650869   0.00067322   0.32123589 337.43115471
670.55199029   6.46650869   0.00067322   0.32148768 337.22366570
670.85199029   6.46650869   0.00067322   0.32148768 337.22366570
670.85199029   6.46650869   0.00067322   0.32173948 337.01617668
671.15199029   6.46650869   0.00067322   0.32173948 337.01617668
671.15199029   6.46650869   0.00067322   0.32199127 336.80868767
671.45199029   6.46650869   0.00067322   0.32199127 336.80868767
671.45199029   6.46650869   0.00067322   0.32224306 336.60119865
671.75199029   6.46650869   0.00067322   0.32224306 336.60119865
671.75199029   6.46650869   0.00067322   0.32249486 336.39370964
672.05199029   6.46650869   0.00067322   0.32249486 336.39370964
672.05199029   6.46650869   0.00067322   0.32274665 336.18622062
672.35199029   6.46650869   0.00067322   0.32274665 336.18622062
672.35199029   6.46650869   0.00067322   0.32299844 335.97873161
672.55826451   6.46650869   0.00067322   0.32299844 335.97873161
672.55826451   0.00000000   0.00000000   0.00000000 335.97873161
682.55826451   0.00000000   0.00000000   0.00000000 335.97873161
