#     thickness (A)        interface (A)       rho (1e-6/A^2)      irho (1e-6/A^2)      rhoM (1e-6/A^2)      theta (degrees)
                   0     1.67550285639308     3.53290777610646 0.000343757537218438                    0     331.627078200657
    40.2332566823022     9.99794316759922     3.76973831399515 0.000853531543695672     1.11496605286968     331.627078200657
   0.299999999999997                    0     6.46650869321328  0.00067321586262124    0.310990306404124     358.997828158739
   0.299999999999997                    0     6.46650869321328  0.00067321586262124    0.311168126925985     357.423763861354
   0.299999999999997                    0     6.46650869321328  0.00067321586262124    0.311345947447845     355.849699563969
   0.299999999999997                    0     6.46650869321328  0.00067321586262124    0.311523767969706     354.275635266584
   0.299999999999997                    0     6.46650869321328  0.00067321586262124    0.311701588491566     352.701570969199
   0.299999999999997                    0     6.46650869321328  0.00067321586262124    0.311879409013427     351.127506671814
   0.299999999999997                    0     6.46650869321328  0.00067321586262124    0.312057229535287      349.55344237443
   0.299999999999997                    0     6.46650869321328  0.00067321586262124    0.312235050057148     347.979378077045
   0.299999999999997                    0     6.46650869321328  0.00067321586262124    0.312412870579008      346.40531377966
   0.299999999999997                    0     6.46650869321328  0.00067321586262124    0.312590691100869     344.831249482275
   0.299999999999997                    0     6.46650869321328  0.00067321586262124    0.312768511622729      343.25718518489
   0.299999999999997                    0     6.46650869321328  0.00067321586262124     0.31294633214459     341.683120887505
   0.299999999999997                    0     6.46650869321328  0.00067321586262124     0.31312415266645     340.109056590121
   0.299999999999997                    0     6.46650869321328  0.00067321586262124    0.313301973188311     338.534992292736
   0.299999999999997                    0     6.46650869321328  0.00067321586262124    0.313479793710171     336.960927995351
   0.299999999999997                    0     6.46650869321328  0.00067321586262124    0.313657614232032     335.386863697966
   0.299999999999997                    0     6.46650869321328  0.00067321586262124    0.313835434753892     333.812799400581
   0.299999999999997                    0     6.46650869321328  0.00067321586262124    0.314013255275753     332.238735103196
   0.299999999999997                    0     6.46650869321328  0.00067321586262124    0.314191075797613     330.664670805811
   0.299999999999997                    0     6.46650869321328  0.00067321586262124    0.314368896319474     329.090606508427
   0.299999999999997                    0     6.46650869321328  0.00067321586262124    0.314546716841334     327.516542211042
   0.299999999999997                    0     6.46650869321328  0.00067321586262124    0.314724537363195     325.942477913657
   0.299999999999997                    0     6.46650869321328  0.00067321586262124    0.314902357885055     324.368413616272
   0.299999999999997                    0     6.46650869321328  0.00067321586262124    0.315080178406916     322.794349318887
   0.299999999999997                    0     6.46650869321328  0.00067321586262124    0.315257998928776     321.220285021502
   0.299999999999997                    0     6.46650869321328  0.00067321586262124    0.315435819450637     319.646220724117
   0.299999999999997                    0     6.46650869321328  0.00067321586262124    0.315613639972497     318.072156426733
   0.299999999999997                    0     6.46650869321328  0.00067321586262124    0.315791460494358     316.498092129348
   0.299999999999997                    0     6.46650869321328  0.00067321586262124    0.315969281016218     314.924027831963
   0.299999999999997                    0     6.46650869321328  0.00067321586262124    0.316147101538079     313.349963534578
   0.299999999999997                    0     6.46650869321328  0.00067321586262124    0.316324922059939     311.775899237193
   0.299999999999997                    0     6.46650869321328  0.00067321586262124      0.3165027425818     310.201834939808
   0.299999999999997                    0     6.46650869321328  0.00067321586262124     0.31668056310366     308.627770642424
   0.299999999999997                    0     6.46650869321328  0.00067321586262124    0.316858383625521     307.053706345039
   0.299999999999997                    0     6.46650869321328  0.00067321586262124    0.317036204147381     305.479642047654
   0.299999999999997                    0     6.46650869321328  0.00067321586262124    0.317214024669242     303.905577750269
   0.299999999999997                    0     6.46650869321328  0.00067321586262124    0.317391845191102     302.331513452884
   0.299999999999997                    0     6.46650869321328  0.00067321586262124    0.317569665712963     300.757449155499
   0.299999999999997                    0     6.46650869321328  0.00067321586262124    0.317747486234823     299.183384858114
   0.299999999999997                    0     6.46650869321328  0.00067321586262124    0.317925306756684      297.60932056073
   0.299999999999997                    0     6.46650869321328  0.00067321586262124    0.318103127278544     296.035256263345
   0.299999999999997                    0     6.46650869321328  0.00067321586262124    0.318280947800405      294.46119196596
   0.299999999999997                    0     6.46650869321328  0.00067321586262124    0.318458768322265     292.887127668575
   0.299999999999997                    0     6.46650869321328  0.00067321586262124    0.318636588844125      291.31306337119
   0.299999999999997                    0     6.46650869321328  0.00067321586262124    0.318814409365986     289.738999073805
    0.19430553898583     9.98228656943066     6.46650869321328  0.00067321586262124    0.318992229887846     288.164934776421
    31.8498377648068     5.66001387259726     3.76973831399515 0.000853531543695672    0.850357458711043     68.3118911934153
   0.299999999999926                    0     6.46650869321328  0.00067321586262124    0.330988910408866     225.901717022296
   0.299999999999997                    0     6.46650869321328  0.00067321586262124     0.32910141325072     233.460333554849
   0.299999999999997                    0     6.46650869321328  0.00067321586262124    0.327213916092573     241.018950087402
   0.299999999999997                    0     6.46650869321328  0.00067321586262124    0.325326418934427     248.577566619955
   0.299999999999997                    0     6.46650869321328  0.00067321586262124    0.323438921776281     256.136183152508
   0.299999999999997                    0     6.46650869321328  0.00067321586262124    0.321551424618134     263.694799685061
   0.299999999999997                    0     6.46650869321328  0.00067321586262124    0.319663927459988     271.253416217614
   0.299999999999997                    0     6.46650869321328  0.00067321586262124    0.317776430301842     278.812032750167
   0.299999999999997                    0     6.46650869321328  0.00067321586262124    0.315888933143695     286.370649282719
   0.299999999999997                    0     6.46650869321328  0.00067321586262124    0.314001435985549     293.929265815272
   0.299999999999997                    0     6.46650869321328  0.00067321586262124    0.312113938827403     301.487882347825
   0.299999999999997                    0     6.46650869321328  0.00067321586262124    0.310226441669256     309.046498880378
   0.299999999999997                    0     6.46650869321328  0.00067321586262124     0.30833894451111     316.605115412931
   0.299999999999997                    0     6.46650869321328  0.00067321586262124    0.306451447352963     324.163731945484
   0.299999999999997                    0     6.46650869321328  0.00067321586262124    0.304563950194817     331.722348478037
   0.299999999999997                    0     6.46650869321328  0.00067321586262124    0.302676453036671      339.28096501059
   0.299999999999997                    0     6.46650869321328  0.00067321586262124    0.300788955878524     346.839581543143
   0.262811651533625     5.14139406430812     6.46650869321328  0.00067321586262124    0.298901458720378     354.398198075696
    45.9822570373302    0.556797106890384     3.76973831399515 0.000853531543695672     1.19985928516183     341.141696706138
   0.299999999999926                    0     6.46650869321328  0.00067321586262124    0.298993297325659     323.385525411195
   0.300000000000011                    0     6.46650869321328  0.00067321586262124    0.299128334334799      322.78951587847
   0.300000000000011                    0     6.46650869321328  0.00067321586262124    0.299263371343939     322.193506345745
   0.300000000000011                    0     6.46650869321328  0.00067321586262124    0.299398408353079     321.597496813021
   0.300000000000011                    0     6.46650869321328  0.00067321586262124    0.299533445362218     321.001487280296
   0.300000000000011                    0     6.46650869321328  0.00067321586262124    0.299668482371358     320.405477747571
   0.300000000000011                    0     6.46650869321328  0.00067321586262124    0.299803519380498     319.809468214846
   0.300000000000011                    0     6.46650869321328  0.00067321586262124    0.299938556389638     319.213458682122
   0.300000000000011                    0     6.46650869321328  0.00067321586262124    0.300073593398778     318.617449149397
   0.300000000000011                    0     6.46650869321328  0.00067321586262124    0.300208630407918     318.021439616672
   0.300000000000011                    0     6.46650869321328  0.00067321586262124    0.300343667417058     317.425430083947
   0.300000000000011                    0     6.46650869321328  0.00067321586262124    0.300478704426198     316.829420551222
   0.300000000000011                    0     6.46650869321328  0.00067321586262124    0.300613741435338     316.233411018498
   0.300000000000011                    0     6.46650869321328  0.00067321586262124    0.300748778444478     315.637401485773
   0.300000000000011                    0     6.46650869321328  0.00067321586262124    0.300883815453618     315.041391953048
   0.300000000000011                    0     6.46650869321328  0.00067321586262124    0.301018852462758     314.445382420323
   0.300000000000011                    0     6.46650869321328  0.00067321586262124    0.301153889471898     313.849372887599
   0.300000000000011                    0     6.46650869321328  0.00067321586262124    0.301288926481038     313.253363354874
   0.300000000000011                    0     6.46650869321328  0.00067321586262124    0.301423963490178     312.657353822149
   0.300000000000011                    0     6.46650869321328  0.00067321586262124    0.301559000499318     312.061344289424
   0.300000000000011                    0     6.46650869321328  0.00067321586262124    0.301694037508458     311.465334756699
   0.300000000000011                    0     6.46650869321328  0.00067321586262124    0.301829074517598     310.869325223975
   0.300000000000011                    0     6.46650869321328  0.00067321586262124    0.301964111526737      310.27331569125
   0.300000000000011                    0     6.46650869321328  0.00067321586262124    0.302099148535877     309.677306158525
   0.300000000000011                    0     6.46650869321328  0.00067321586262124    0.302234185545017       309.0812966258
   0.300000000000011                    0     6.46650869321328  0.00067321586262124    0.302369222554157     308.485287093076
   0.300000000000011                    0     6.46650869321328  0.00067321586262124    0.302504259563297     307.889277560351
   0.300000000000011                    0     6.46650869321328  0.00067321586262124    0.302639296572437     307.293268027626
   0.300000000000011                    0     6.46650869321328  0.00067321586262124    0.302774333581577     306.697258494901
   0.300000000000011                    0     6.46650869321328  0.00067321586262124    0.302909370590717     306.101248962176
   0.300000000000011                    0     6.46650869321328  0.00067321586262124    0.303044407599857     305.505239429452
   0.300000000000011                    0     6.46650869321328  0.00067321586262124    0.303179444608997     304.909229896727
   0.300000000000011                    0     6.46650869321328  0.00067321586262124    0.303314481618137     304.313220364002
   0.300000000000011                    0     6.46650869321328  0.00067321586262124    0.303449518627277     303.717210831277
   0.300000000000011                    0     6.46650869321328  0.00067321586262124    0.303584555636417     303.121201298553
   0.300000000000011                    0     6.46650869321328  0.00067321586262124    0.303719592645557     302.525191765828
   0.300000000000011                    0     6.46650869321328  0.00067321586262124    0.303854629654697     301.929182233103
    0.10261546709927    0.531937983033044     6.46650869321328  0.00067321586262124    0.303989666663837     301.333172700378
    37.2951780373572     2.53669986518032     3.76973831399515 0.000853531543695672     1.20999959128412     177.106575304993
   0.300000000000153                    0     6.46650869321328  0.00067321586262124    0.324993662244648     155.025782927667
   0.300000000000011                    0     6.46650869321328  0.00067321586262124    0.323207772316234     165.923186221568
   0.300000000000011                    0     6.46650869321328  0.00067321586262124     0.32142188238782     176.820589515469
   0.300000000000011                    0     6.46650869321328  0.00067321586262124    0.319635992459405     187.717992809371
   0.300000000000011                    0     6.46650869321328  0.00067321586262124    0.317850102530991     198.615396103272
   0.300000000000011                    0     6.46650869321328  0.00067321586262124    0.316064212602577     209.512799397174
   0.300000000000011                    0     6.46650869321328  0.00067321586262124    0.314278322674163     220.410202691075
   0.300000000000011                    0     6.46650869321328  0.00067321586262124    0.312492432745749     231.307605984976
   0.300000000000011                    0     6.46650869321328  0.00067321586262124    0.310706542817335     242.205009278878
   0.300000000000011                    0     6.46650869321328  0.00067321586262124    0.308920652888921     253.102412572779
   0.300000000000011                    0     6.46650869321328  0.00067321586262124    0.307134762960506      263.99981586668
   0.300000000000011                    0     6.46650869321328  0.00067321586262124    0.305348873032092     274.897219160582
   0.300000000000011                    0     6.46650869321328  0.00067321586262124    0.303562983103678     285.794622454483
   0.300000000000011                    0     6.46650869321328  0.00067321586262124    0.301777093175264     296.692025748384
   0.103167483161172    0.523366700697872     6.46650869321328  0.00067321586262124     0.29999120324685     307.589429042286
    36.0281621517856    0.520695902102855     3.76973831399515 0.000853531543695672     1.09986725974715     329.567256250222
    0.30000000000021                    0     6.46650869321328  0.00067321586262124    0.321980959164438     242.168633967295
   0.300000000000011                    0     6.46650869321328  0.00067321586262124    0.321361952561605     240.650404432962
   0.300000000000011                    0     6.46650869321328  0.00067321586262124    0.320742945958772     239.132174898628
   0.300000000000011                    0     6.46650869321328  0.00067321586262124    0.320123939355938     237.613945364295
   0.300000000000011                    0     6.46650869321328  0.00067321586262124    0.319504932753105     236.095715829962
   0.300000000000011                    0     6.46650869321328  0.00067321586262124    0.318885926150272     234.577486295628
   0.300000000000011                    0     6.46650869321328  0.00067321586262124    0.318266919547439     233.059256761295
   0.300000000000011                    0     6.46650869321328  0.00067321586262124    0.317647912944605     231.541027226962
   0.300000000000011                    0     6.46650869321328  0.00067321586262124    0.317028906341772     230.022797692628
   0.300000000000011                    0     6.46650869321328  0.00067321586262124    0.316409899738939     228.504568158295
   0.300000000000011                    0     6.46650869321328  0.00067321586262124    0.315790893136105     226.986338623962
   0.300000000000011                    0     6.46650869321328  0.00067321586262124    0.315171886533272     225.468109089628
   0.300000000000011                    0     6.46650869321328  0.00067321586262124    0.314552879930439     223.949879555295
   0.300000000000011                    0     6.46650869321328  0.00067321586262124    0.313933873327605     222.431650020962
   0.300000000000011                    0     6.46650869321328  0.00067321586262124    0.313314866724772     220.913420486628
   0.300000000000011                    0     6.46650869321328  0.00067321586262124    0.312695860121939     219.395190952295
   0.300000000000011                    0     6.46650869321328  0.00067321586262124    0.312076853519105     217.876961417962
   0.300000000000011                    0     6.46650869321328  0.00067321586262124    0.311457846916272     216.358731883629
   0.300000000000011                    0     6.46650869321328  0.00067321586262124    0.310838840313439     214.840502349295
   0.300000000000011                    0     6.46650869321328  0.00067321586262124    0.310219833710605     213.322272814962
   0.300000000000011                    0     6.46650869321328  0.00067321586262124    0.309600827107772     211.804043280629
   0.300000000000011                    0     6.46650869321328  0.00067321586262124    0.308981820504939     210.285813746295
   0.300000000000011                    0     6.46650869321328  0.00067321586262124    0.308362813902105     208.767584211962
   0.300000000000011                    0     6.46650869321328  0.00067321586262124    0.307743807299272     207.249354677629
   0.300000000000011                    0     6.46650869321328  0.00067321586262124    0.307124800696439     205.731125143295
   0.300000000000011                    0     6.46650869321328  0.00067321586262124    0.306505794093605     204.212895608962
   0.300000000000011                    0     6.46650869321328  0.00067321586262124    0.305886787490772     202.694666074629
   0.300000000000011                    0     6.46650869321328  0.00067321586262124    0.305267780887939     201.176436540295
   0.300000000000011                    0     6.46650869321328  0.00067321586262124    0.304648774285105     199.658207005962
   0.300000000000011                    0     6.46650869321328  0.00067321586262124    0.304029767682272     198.139977471629
   0.300000000000011                    0     6.46650869321328  0.00067321586262124    0.303410761079439     196.621747937295
   0.300000000000011                    0     6.46650869321328  0.00067321586262124    0.302791754476605     195.103518402962
   0.300000000000011                    0     6.46650869321328  0.00067321586262124    0.302172747873772     193.585288868629
   0.300000000000011                    0     6.46650869321328  0.00067321586262124    0.301553741270939     192.067059334295
 0.00240458079807127    0.556155041543965     6.46650869321328  0.00067321586262124    0.300934734668105     190.548829799962
    42.7004281268037     9.00511956303422     3.76973831399515 0.000853531543695672     1.18956361916402     177.252920844658
   0.300000000000409                    0     6.46650869321328  0.00067321586262124    0.316972051542022     186.489026692649
   0.300000000000011                    0     6.46650869321328  0.00067321586262124    0.316709534715396     176.729988155522
   0.300000000000011                    0     6.46650869321328  0.00067321586262124     0.31644701788877     166.970949618396
   0.300000000000011                    0     6.46650869321328  0.00067321586262124    0.316184501062144     157.211911081269
   0.300000000000011                    0     6.46650869321328  0.00067321586262124    0.315921984235518     147.452872544143
   0.300000000000011                    0     6.46650869321328  0.00067321586262124    0.315659467408892     137.693834007016
   0.300000000000011                    0     6.46650869321328  0.00067321586262124    0.315396950582266     127.934795469889
   0.300000000000011                    0     6.46650869321328  0.00067321586262124     0.31513443375564     118.175756932763
   0.300000000000011                    0     6.46650869321328  0.00067321586262124    0.314871916929014     108.416718395636
   0.300000000000011                    0     6.46650869321328  0.00067321586262124    0.314609400102388     98.6576798585096
   0.300000000000011                    0     6.46650869321328  0.00067321586262124    0.314346883275762      88.898641321383
   0.300000000000011                    0     6.46650869321328  0.00067321586262124    0.314084366449136     79.1396027842564
   0.300000000000011                    0     6.46650869321328  0.00067321586262124     0.31382184962251     69.3805642471298
   0.300000000000011                    0     6.46650869321328  0.00067321586262124    0.313559332795884     59.6215257100032
   0.300000000000011                    0     6.46650869321328  0.00067321586262124    0.313296815969258     49.8624871728766
   0.300000000000011                    0     6.46650869321328  0.00067321586262124    0.313034299142632       40.10344863575
   0.300000000000011                    0     6.46650869321328  0.00067321586262124    0.312771782316006     30.3444100986234
   0.300000000000011                    0     6.46650869321328  0.00067321586262124     0.31250926548938     20.5853715614968
   0.300000000000011                    0     6.46650869321328  0.00067321586262124    0.312246748662754     10.8263330243703
  0.0988300493174847    0.502980565663039     6.46650869321328  0.00067321586262124    0.311984231836128     1.06729448724365
    32.0085790567034    0.550547240643052     3.76973831399515 0.000853531543695672     0.90018444304315     317.365510855859
   0.300000000000523                    0     6.46650869321328  0.00067321586262124    0.298991117374002     180.820196186346
   0.300000000000011                    0     6.46650869321328  0.00067321586262124    0.298991313030724     180.638030874401
   0.300000000000011                    0     6.46650869321328  0.00067321586262124    0.298991508687446     180.455865562456
   0.300000000000011                    0     6.46650869321328  0.00067321586262124    0.298991704344169      180.27370025051
   0.300000000000011                    0     6.46650869321328  0.00067321586262124    0.298991900000891     180.091534938565
   0.300000000000011                    0     6.46650869321328  0.00067321586262124    0.298992095657613     179.909369626619
   0.300000000000011                    0     6.46650869321328  0.00067321586262124    0.298992291314336     179.727204314674
   0.300000000000011                    0     6.46650869321328  0.00067321586262124    0.298992486971058     179.545039002729
   0.300000000000011                    0     6.46650869321328  0.00067321586262124     0.29899268262778     179.362873690783
   0.300000000000011                    0     6.46650869321328  0.00067321586262124    0.298992878284502     179.180708378838
   0.300000000000011                    0     6.46650869321328  0.00067321586262124    0.298993073941225     178.998543066892
   0.300000000000011                    0     6.46650869321328  0.00067321586262124    0.298993269597947     178.816377754947
   0.300000000000011                    0     6.46650869321328  0.00067321586262124    0.298993465254669     178.634212443002
   0.300000000000011                    0     6.46650869321328  0.00067321586262124    0.298993660911392     178.452047131056
   0.300000000000011                    0     6.46650869321328  0.00067321586262124    0.298993856568114     178.269881819111
   0.300000000000011                    0     6.46650869321328  0.00067321586262124    0.298994052224836     178.087716507165
   0.300000000000011                    0     6.46650869321328  0.00067321586262124    0.298994247881558      177.90555119522
   0.300000000000011                    0     6.46650869321328  0.00067321586262124    0.298994443538281     177.723385883275
   0.300000000000011                    0     6.46650869321328  0.00067321586262124    0.298994639195003     177.541220571329
   0.300000000000011                    0     6.46650869321328  0.00067321586262124    0.298994834851725     177.359055259384
   0.300000000000011                    0     6.46650869321328  0.00067321586262124    0.298995030508448     177.176889947438
   0.300000000000011                    0     6.46650869321328  0.00067321586262124     0.29899522616517     176.994724635493
   0.300000000000011                    0     6.46650869321328  0.00067321586262124    0.298995421821892     176.812559323548
   0.300000000000011                    0     6.46650869321328  0.00067321586262124    0.298995617478614     176.630394011602
   0.300000000000011                    0     6.46650869321328  0.00067321586262124    0.298995813135337     176.448228699657
   0.300000000000011                    0     6.46650869321328  0.00067321586262124    0.298996008792059     176.266063387711
   0.300000000000011                    0     6.46650869321328  0.00067321586262124    0.298996204448781     176.083898075766
   0.300000000000011                    0     6.46650869321328  0.00067321586262124    0.298996400105503     175.901732763821
   0.300000000000011                    0     6.46650869321328  0.00067321586262124    0.298996595762226     175.719567451875
   0.300000000000011                    0     6.46650869321328  0.00067321586262124    0.298996791418948      175.53740213993
   0.300000000000011                    0     6.46650869321328  0.00067321586262124     0.29899698707567     175.355236827984
   0.300000000000011                    0     6.46650869321328  0.00067321586262124    0.298997182732393     175.173071516039
   0.300000000000011                    0     6.46650869321328  0.00067321586262124    0.298997378389115     174.990906204093
   0.300000000000011                    0     6.46650869321328  0.00067321586262124    0.298997574045837     174.808740892148
   0.300000000000011                    0     6.46650869321328  0.00067321586262124    0.298997769702559     174.626575580203
   0.300000000000011                    0     6.46650869321328  0.00067321586262124    0.298997965359282     174.444410268257
   0.300000000000011                    0     6.46650869321328  0.00067321586262124    0.298998161016004     174.262244956312
   0.300000000000011                    0     6.46650869321328  0.00067321586262124    0.298998356672726     174.080079644366
   0.300000000000011                    0     6.46650869321328  0.00067321586262124    0.298998552329449     173.897914332421
   0.300000000000011                    0     6.46650869321328  0.00067321586262124    0.298998747986171     173.715749020476
   0.300000000000011                    0     6.46650869321328  0.00067321586262124    0.298998943642893      173.53358370853
   0.300000000000011                    0     6.46650869321328  0.00067321586262124    0.298999139299615     173.351418396585
   0.206208451632506    0.530104314541515     6.46650869321328  0.00067321586262124    0.298999334956338     173.169253084639
    32.0150704127284    0.531164008127782     3.76973831399515 0.000853531543695672    0.850168748013707     358.999859438793
    0.30000000000075                    0     6.46650869321328  0.00067321586262124    0.309988084295783     100.943633897946
   0.300000000000011                    0     6.46650869321328  0.00067321586262124     0.30945411250476     99.0347369126958
   0.300000000000011                    0     6.46650869321328  0.00067321586262124    0.308920140713737     97.1258399274457
   0.300000000000011                    0     6.46650869321328  0.00067321586262124    0.308386168922714     95.2169429421956
   0.300000000000011                    0     6.46650869321328  0.00067321586262124     0.30785219713169     93.3080459569454
   0.300000000000011                    0     6.46650869321328  0.00067321586262124    0.307318225340667     91.3991489716953
   0.300000000000011                    0     6.46650869321328  0.00067321586262124    0.306784253549644     89.4902519864451
   0.300000000000011                    0     6.46650869321328  0.00067321586262124    0.306250281758621      87.581355001195
   0.300000000000011                    0     6.46650869321328  0.00067321586262124    0.305716309967598     85.6724580159449
   0.300000000000011                    0     6.46650869321328  0.00067321586262124    0.305182338176575     83.7635610306947
   0.300000000000011                    0     6.46650869321328  0.00067321586262124    0.304648366385552     81.8546640454446
   0.300000000000011                    0     6.46650869321328  0.00067321586262124    0.304114394594529     79.9457670601945
   0.300000000000011                    0     6.46650869321328  0.00067321586262124    0.303580422803506     78.0368700749443
   0.300000000000011                    0     6.46650869321328  0.00067321586262124    0.303046451012482     76.1279730896942
   0.300000000000011                    0     6.46650869321328  0.00067321586262124    0.302512479221459     74.2190761044441
   0.300000000000011                    0     6.46650869321328  0.00067321586262124    0.301978507430436     72.3101791191939
   0.300000000000011                    0     6.46650869321328  0.00067321586262124    0.301444535639413     70.4012821339438
  0.0992251312655412    0.523438041388465     6.46650869321328  0.00067321586262124     0.30091056384839     68.4923851486936
    34.1374082831472    0.529673002946617     3.76973831399515 0.000853531543695672     1.11207209886381     355.959005551429
   0.300000000000864                    0     6.46650869321328  0.00067321586262124    0.303899344607181     193.370252347174
   0.300000000000011                    0     6.46650869321328  0.00067321586262124    0.303828543274585      193.03358734947
   0.300000000000011                    0     6.46650869321328  0.00067321586262124     0.30375774194199     192.696922351765
   0.300000000000011                    0     6.46650869321328  0.00067321586262124    0.303686940609394     192.360257354061
   0.300000000000011                    0     6.46650869321328  0.00067321586262124    0.303616139276798     192.023592356357
   0.300000000000011                    0     6.46650869321328  0.00067321586262124    0.303545337944202     191.686927358653
   0.300000000000011                    0     6.46650869321328  0.00067321586262124    0.303474536611607     191.350262360949
   0.300000000000011                    0     6.46650869321328  0.00067321586262124    0.303403735279011     191.013597363245
   0.300000000000011                    0     6.46650869321328  0.00067321586262124    0.303332933946415     190.676932365541
   0.300000000000011                    0     6.46650869321328  0.00067321586262124    0.303262132613819     190.340267367837
   0.300000000000011                    0     6.46650869321328  0.00067321586262124    0.303191331281224     190.003602370133
   0.300000000000011                    0     6.46650869321328  0.00067321586262124    0.303120529948628     189.666937372429
   0.300000000000011                    0     6.46650869321328  0.00067321586262124    0.303049728616032     189.330272374725
   0.300000000000011                    0     6.46650869321328  0.00067321586262124    0.302978927283436     188.993607377021
   0.300000000000011                    0     6.46650869321328  0.00067321586262124    0.302908125950841     188.656942379317
   0.300000000000011                    0     6.46650869321328  0.00067321586262124    0.302837324618245     188.320277381613
   0.300000000000011                    0     6.46650869321328  0.00067321586262124    0.302766523285649     187.983612383909
   0.300000000000011                    0     6.46650869321328  0.00067321586262124    0.302695721953053     187.646947386205
   0.300000000000011                    0     6.46650869321328  0.00067321586262124    0.302624920620458     187.310282388501
   0.300000000000011                    0     6.46650869321328  0.00067321586262124    0.302554119287862     186.973617390797
   0.300000000000011                    0     6.46650869321328  0.00067321586262124    0.302483317955266     186.636952393092
   0.300000000000011                    0     6.46650869321328  0.00067321586262124     0.30241251662267     186.300287395388
   0.300000000000011                    0     6.46650869321328  0.00067321586262124    0.302341715290074     185.963622397684
   0.300000000000011                    0     6.46650869321328  0.00067321586262124    0.302270913957479      185.62695739998
   0.300000000000011                    0     6.46650869321328  0.00067321586262124    0.302200112624883     185.290292402276
   0.300000000000011                    0     6.46650869321328  0.00067321586262124    0.302129311292287     184.953627404572
   0.300000000000011                    0     6.46650869321328  0.00067321586262124    0.302058509959691     184.616962406868
   0.300000000000011                    0     6.46650869321328  0.00067321586262124    0.301987708627096     184.280297409164
   0.300000000000011                    0     6.46650869321328  0.00067321586262124      0.3019169072945      183.94363241146
   0.300000000000011                    0     6.46650869321328  0.00067321586262124    0.301846105961904     183.606967413756
   0.300000000000011                    0     6.46650869321328  0.00067321586262124    0.301775304629308     183.270302416052
   0.300000000000011                    0     6.46650869321328  0.00067321586262124    0.301704503296713     182.933637418348
   0.300000000000011                    0     6.46650869321328  0.00067321586262124    0.301633701964117     182.596972420644
   0.300000000000011                    0     6.46650869321328  0.00067321586262124    0.301562900631521      182.26030742294
   0.300000000000011                    0     6.46650869321328  0.00067321586262124    0.301492099298925     181.923642425236
   0.300000000000011                    0     6.46650869321328  0.00067321586262124     0.30142129796633     181.586977427532
   0.300000000000011                    0     6.46650869321328  0.00067321586262124    0.301350496633734     181.250312429828
   0.300000000000011                    0     6.46650869321328  0.00067321586262124    0.301279695301138     180.913647432123
   0.300000000000011                    0     6.46650869321328  0.00067321586262124    0.301208893968542     180.576982434419
   0.300000000000011                    0     6.46650869321328  0.00067321586262124    0.301138092635947     180.240317436715
   0.300000000000011                    0     6.46650869321328  0.00067321586262124    0.301067291303351     179.903652439011
   0.299828634472874    0.500226576914324     6.46650869321328  0.00067321586262124    0.300996489970755     179.566987441307
    31.6119127335888    0.561459797020108     3.76973831399515 0.000853531543695672    0.894041977917786     358.999862696952
   0.300000000001091                    0     6.46650869321328  0.00067321586262124    0.323984269253087     358.560010932581
   0.300000000000011                    0     6.46650869321328  0.00067321586262124    0.323127840125562     358.452883008284
   0.300000000000011                    0     6.46650869321328  0.00067321586262124    0.322271410998037     358.345755083986
   0.300000000000011                    0     6.46650869321328  0.00067321586262124    0.321414981870512     358.238627159689
   0.300000000000011                    0     6.46650869321328  0.00067321586262124    0.320558552742988     358.131499235391
   0.300000000000011                    0     6.46650869321328  0.00067321586262124    0.319702123615463     358.024371311094
   0.300000000000011                    0     6.46650869321328  0.00067321586262124    0.318845694487938     357.917243386796
   0.300000000000011                    0     6.46650869321328  0.00067321586262124    0.317989265360413     357.810115462499
   0.300000000000011                    0     6.46650869321328  0.00067321586262124    0.317132836232889     357.702987538201
   0.300000000000011                    0     6.46650869321328  0.00067321586262124    0.316276407105364     357.595859613903
   0.300000000000011                    0     6.46650869321328  0.00067321586262124    0.315419977977839     357.488731689606
   0.300000000000011                    0     6.46650869321328  0.00067321586262124    0.314563548850315     357.381603765308
   0.300000000000011                    0     6.46650869321328  0.00067321586262124     0.31370711972279     357.274475841011
   0.300000000000011                    0     6.46650869321328  0.00067321586262124    0.312850690595265     357.167347916713
   0.153373002329204     2.71901601357713     6.46650869321328  0.00067321586262124     0.31199426146774     357.060219992416
    42.3898234162122    0.528472724396572     3.76973831399515 0.000853531543695672     1.20981171415418     358.922928614014
   0.300000000001148                    0     6.46650869321328  0.00067321586262124    0.324881323911242     167.447761285505
   0.300000000000011                    0     6.46650869321328  0.00067321586262124     0.32491862905576     165.828425215857
   0.300000000000011                    0     6.46650869321328  0.00067321586262124    0.324955934200277     164.209089146209
   0.300000000000011                    0     6.46650869321328  0.00067321586262124    0.324993239344795     162.589753076562
   0.300000000000011                    0     6.46650869321328  0.00067321586262124    0.325030544489312     160.970417006914
   0.300000000000011                    0     6.46650869321328  0.00067321586262124     0.32506784963383     159.351080937266
   0.300000000000011                    0     6.46650869321328  0.00067321586262124    0.325105154778348     157.731744867618
   0.300000000000011                    0     6.46650869321328  0.00067321586262124    0.325142459922865      156.11240879797
   0.300000000000011                    0     6.46650869321328  0.00067321586262124    0.325179765067383     154.493072728323
   0.300000000000011                    0     6.46650869321328  0.00067321586262124      0.3252170702119     152.873736658675
   0.300000000000011                    0     6.46650869321328  0.00067321586262124    0.325254375356418     151.254400589027
   0.300000000000011                    0     6.46650869321328  0.00067321586262124    0.325291680500936     149.635064519379
   0.300000000000011                    0     6.46650869321328  0.00067321586262124    0.325328985645453     148.015728449732
   0.300000000000011                    0     6.46650869321328  0.00067321586262124    0.325366290789971     146.396392380084
   0.300000000000011                    0     6.46650869321328  0.00067321586262124    0.325403595934488     144.777056310436
   0.300000000000011                    0     6.46650869321328  0.00067321586262124    0.325440901079006     143.157720240788
   0.300000000000011                    0     6.46650869321328  0.00067321586262124    0.325478206223524     141.538384171141
   0.300000000000011                    0     6.46650869321328  0.00067321586262124    0.325515511368041     139.919048101493
   0.300000000000011                    0     6.46650869321328  0.00067321586262124    0.325552816512559     138.299712031845
   0.300000000000011                    0     6.46650869321328  0.00067321586262124    0.325590121657077     136.680375962197
   0.300000000000011                    0     6.46650869321328  0.00067321586262124    0.325627426801594      135.06103989255
   0.300000000000011                    0     6.46650869321328  0.00067321586262124    0.325664731946112     133.441703822902
   0.300000000000011                    0     6.46650869321328  0.00067321586262124    0.325702037090629     131.822367753254
   0.300000000000011                    0     6.46650869321328  0.00067321586262124    0.325739342235147     130.203031683606
   0.300000000000011                    0     6.46650869321328  0.00067321586262124    0.325776647379665     128.583695613958
   0.300000000000011                    0     6.46650869321328  0.00067321586262124    0.325813952524182     126.964359544311
   0.300000000000011                    0     6.46650869321328  0.00067321586262124      0.3258512576687     125.345023474663
   0.300000000000011                    0     6.46650869321328  0.00067321586262124    0.325888562813217     123.725687405015
   0.300000000000011                    0     6.46650869321328  0.00067321586262124    0.325925867957735     122.106351335367
   0.300000000000011                    0     6.46650869321328  0.00067321586262124    0.325963173102253      120.48701526572
   0.300000000000011                    0     6.46650869321328  0.00067321586262124     0.32600047824677     118.867679196072
   0.300000000000011                    0     6.46650869321328  0.00067321586262124    0.326037783391288     117.248343126424
   0.300000000000011                    0     6.46650869321328  0.00067321586262124    0.326075088535805     115.629007056776
   0.300000000000011                    0     6.46650869321328  0.00067321586262124    0.326112393680323     114.009670987129
   0.300000000000011                    0     6.46650869321328  0.00067321586262124    0.326149698824841     112.390334917481
   0.300000000000011                    0     6.46650869321328  0.00067321586262124    0.326187003969358     110.770998847833
   0.300000000000011                    0     6.46650869321328  0.00067321586262124    0.326224309113876     109.151662778185
   0.300000000000011                    0     6.46650869321328  0.00067321586262124    0.326261614258393     107.532326708537
   0.300000000000011                    0     6.46650869321328  0.00067321586262124    0.326298919402911      105.91299063889
   0.300000000000011                    0     6.46650869321328  0.00067321586262124    0.326336224547429     104.293654569242
   0.300000000000011                    0     6.46650869321328  0.00067321586262124    0.326373529691946     102.674318499594
   0.300000000000011                    0     6.46650869321328  0.00067321586262124    0.326410834836464     101.054982429946
   0.300000000000011                    0     6.46650869321328  0.00067321586262124    0.326448139980981     99.4356463602986
   0.300000000000011                    0     6.46650869321328  0.00067321586262124    0.326485445125499     97.8163102906508
   0.300000000000011                    0     6.46650869321328  0.00067321586262124    0.326522750270017     96.1969742210031
   0.300000000000011                    0     6.46650869321328  0.00067321586262124    0.326560055414534     94.5776381513553
   0.300000000000011                    0     6.46650869321328  0.00067321586262124    0.326597360559052     92.9583020817075
   0.300000000000011                    0     6.46650869321328  0.00067321586262124    0.326634665703569     91.3389660120598
   0.300000000000011                    0     6.46650869321328  0.00067321586262124    0.326671970848087      89.719629942412
   0.300000000000011                    0     6.46650869321328  0.00067321586262124    0.326709275992605     88.1002938727642
   0.300000000000011                    0     6.46650869321328  0.00067321586262124    0.326746581137122     86.4809578031165
   0.300000000000011                    0     6.46650869321328  0.00067321586262124     0.32678388628164     84.8616217334687
   0.112406940711651     9.99994860731899     6.46650869321328  0.00067321586262124    0.326821191426158     83.2422856638209
     30.386056294759     3.23771054146517     3.76973831399515 0.000853531543695672    0.999430410280418     358.922388636723
   0.300000000001432                    0     6.46650869321328  0.00067321586262124    0.298856778330266     357.735768088294
   0.299999999999955                    0     6.46650869321328  0.00067321586262124    0.299747373749979     357.786423878782
   0.299999999999955                    0     6.46650869321328  0.00067321586262124    0.300637969169692     357.837079669269
   0.299999999999955                    0     6.46650869321328  0.00067321586262124    0.301528564589405     357.887735459756
   0.299999999999955                    0     6.46650869321328  0.00067321586262124    0.302419160009118     357.938391250244
   0.299999999999955                    0     6.46650869321328  0.00067321586262124    0.303309755428831     357.989047040731
   0.299999999999955                    0     6.46650869321328  0.00067321586262124    0.304200350848544     358.039702831218
   0.299999999999955                    0     6.46650869321328  0.00067321586262124    0.305090946268258     358.090358621705
   0.299999999999955                    0     6.46650869321328  0.00067321586262124    0.305981541687971     358.141014412193
   0.299999999999955                    0     6.46650869321328  0.00067321586262124    0.306872137107684      358.19167020268
   0.299999999999955                    0     6.46650869321328  0.00067321586262124    0.307762732527397     358.242325993167
   0.299999999999955                    0     6.46650869321328  0.00067321586262124     0.30865332794711     358.292981783655
   0.299999999999955                    0     6.46650869321328  0.00067321586262124    0.309543923366823     358.343637574142
   0.299999999999955                    0     6.46650869321328  0.00067321586262124    0.310434518786536     358.394293364629
   0.299999999999955                    0     6.46650869321328  0.00067321586262124     0.31132511420625     358.444949155117
   0.299999999999955                    0     6.46650869321328  0.00067321586262124    0.312215709625963     358.495604945604
   0.299999999999955                    0     6.46650869321328  0.00067321586262124    0.313106305045676     358.546260736091
   0.291820709216381    0.537550994622882     6.46650869321328  0.00067321586262124    0.313996900465389     358.596916526579
    29.0026608258268    0.515554211884655     3.76973831399515 0.000853531543695672    0.980168237090784     188.039045947868
   0.300000000000978                    0     6.46650869321328  0.00067321586262124    0.307616382016084     7.19491590029606
   0.299999999999955                    0     6.46650869321328  0.00067321586262124    0.307677182457325     7.67446732237251
   0.299999999999955                    0     6.46650869321328  0.00067321586262124    0.307737982898566     8.15401874444895
   0.299999999999955                    0     6.46650869321328  0.00067321586262124    0.307798783339807      8.6335701665254
   0.299999999999955                    0     6.46650869321328  0.00067321586262124    0.307859583781048     9.11312158860184
   0.299999999999955                    0     6.46650869321328  0.00067321586262124    0.307920384222289     9.59267301067829
   0.299999999999955                    0     6.46650869321328  0.00067321586262124     0.30798118466353     10.0722244327547
   0.299999999999955                    0     6.46650869321328  0.00067321586262124    0.308041985104771     10.5517758548312
   0.299999999999955                    0     6.46650869321328  0.00067321586262124    0.308102785546012     11.0313272769076
   0.299999999999955                    0     6.46650869321328  0.00067321586262124    0.308163585987253     11.5108786989841
   0.299999999999955                    0     6.46650869321328  0.00067321586262124    0.308224386428494     11.9904301210605
   0.299999999999955                    0     6.46650869321328  0.00067321586262124    0.308285186869735      12.469981543137
   0.299999999999955                    0     6.46650869321328  0.00067321586262124    0.308345987310976     12.9495329652134
   0.299999999999955                    0     6.46650869321328  0.00067321586262124    0.308406787752217     13.4290843872899
   0.299999999999955                    0     6.46650869321328  0.00067321586262124    0.308467588193458     13.9086358093663
   0.299999999999955                    0     6.46650869321328  0.00067321586262124    0.308528388634699     14.3881872314427
   0.299999999999955                    0     6.46650869321328  0.00067321586262124     0.30858918907594     14.8677386535192
   0.299999999999955                    0     6.46650869321328  0.00067321586262124    0.308649989517181     15.3472900755956
   0.299999999999955                    0     6.46650869321328  0.00067321586262124    0.308710789958422     15.8268414976721
   0.299999999999955                    0     6.46650869321328  0.00067321586262124    0.308771590399663     16.3063929197485
   0.299999999999955                    0     6.46650869321328  0.00067321586262124    0.308832390840904      16.785944341825
   0.299999999999955                    0     6.46650869321328  0.00067321586262124    0.308893191282145     17.2654957639014
   0.299999999999955                    0     6.46650869321328  0.00067321586262124    0.308953991723386     17.7450471859779
   0.299999999999955                    0     6.46650869321328  0.00067321586262124    0.309014792164627     18.2245986080543
   0.299999999999955                    0     6.46650869321328  0.00067321586262124    0.309075592605868     18.7041500301308
   0.299999999999955                    0     6.46650869321328  0.00067321586262124    0.309136393047109     19.1837014522072
   0.299999999999955                    0     6.46650869321328  0.00067321586262124     0.30919719348835     19.6632528742836
   0.299999999999955                    0     6.46650869321328  0.00067321586262124    0.309257993929591     20.1428042963601
   0.299999999999955                    0     6.46650869321328  0.00067321586262124    0.309318794370832     20.6223557184365
   0.299999999999955                    0     6.46650869321328  0.00067321586262124    0.309379594812073      21.101907140513
   0.299999999999955                    0     6.46650869321328  0.00067321586262124    0.309440395253314     21.5814585625894
   0.299999999999955                    0     6.46650869321328  0.00067321586262124    0.309501195694555     22.0610099846659
   0.299999999999955                    0     6.46650869321328  0.00067321586262124    0.309561996135796     22.5405614067423
   0.299999999999955                    0     6.46650869321328  0.00067321586262124    0.309622796577037     23.0201128288188
   0.299999999999955                    0     6.46650869321328  0.00067321586262124    0.309683597018278     23.4996642508952
   0.299999999999955                    0     6.46650869321328  0.00067321586262124    0.309744397459519     23.9792156729717
   0.299999999999955                    0     6.46650869321328  0.00067321586262124     0.30980519790076     24.4587670950481
   0.299999999999955                    0     6.46650869321328  0.00067321586262124    0.309865998342001     24.9383185171246
   0.299999999999955                    0     6.46650869321328  0.00067321586262124    0.309926798783242      25.417869939201
   0.299999999999955                    0     6.46650869321328  0.00067321586262124    0.309987599224482     25.8974213612774
   0.299999999999955                    0     6.46650869321328  0.00067321586262124    0.310048399665724     26.3769727833539
   0.299999999999955                    0     6.46650869321328  0.00067321586262124    0.310109200106964     26.8565242054303
   0.299999999999955                    0     6.46650869321328  0.00067321586262124    0.310170000548205     27.3360756275068
   0.299999999999955                    0     6.46650869321328  0.00067321586262124    0.310230800989446     27.8156270495832
   0.299999999999955                    0     6.46650869321328  0.00067321586262124    0.310291601430687     28.2951784716597
   0.299999999999955                    0     6.46650869321328  0.00067321586262124    0.310352401871928     28.7747298937361
   0.299999999999955                    0     6.46650869321328  0.00067321586262124    0.310413202313169     29.2542813158126
   0.299999999999955                    0     6.46650869321328  0.00067321586262124     0.31047400275441      29.733832737889
   0.299999999999955                    0     6.46650869321328  0.00067321586262124    0.310534803195651     30.2133841599655
   0.299999999999955                    0     6.46650869321328  0.00067321586262124    0.310595603636892     30.6929355820419
   0.299999999999955                    0     6.46650869321328  0.00067321586262124    0.310656404078133     31.1724870041184
   0.299999999999955                    0     6.46650869321328  0.00067321586262124    0.310717204519374     31.6520384261948
   0.299999999999955                    0     6.46650869321328  0.00067321586262124    0.310778004960615     32.1315898482712
   0.299999999999955                    0     6.46650869321328  0.00067321586262124    0.310838805401856     32.6111412703477
   0.299999999999955                    0     6.46650869321328  0.00067321586262124    0.310899605843097     33.0906926924241
    0.29959556071708     8.28013326694624     6.46650869321328  0.00067321586262124    0.310960406284338     33.5702441145006
    33.3997833427545     9.99831056567027     3.76973831399515 0.000853531543695672     1.15995606654435      358.99832809025
   0.299999999999727                    0     6.46650869321328  0.00067321586262124    0.319949674973628     53.1975756953502
   0.299999999999955                    0     6.46650869321328  0.00067321586262124    0.319481709058324     50.5934717700728
   0.299999999999955                    0     6.46650869321328  0.00067321586262124     0.31901374314302     47.9893678447954
   0.299999999999955                    0     6.46650869321328  0.00067321586262124    0.318545777227716     45.3852639195181
   0.299999999999955                    0     6.46650869321328  0.00067321586262124    0.318077811312412     42.7811599942407
   0.299999999999955                    0     6.46650869321328  0.00067321586262124    0.317609845397107     40.1770560689633
   0.299999999999955                    0     6.46650869321328  0.00067321586262124    0.317141879481803     37.5729521436859
   0.299999999999955                    0     6.46650869321328  0.00067321586262124    0.316673913566499     34.9688482184086
   0.299999999999955                    0     6.46650869321328  0.00067321586262124    0.316205947651195     32.3647442931312
   0.299999999999955                    0     6.46650869321328  0.00067321586262124    0.315737981735891     29.7606403678538
   0.299999999999955                    0     6.46650869321328  0.00067321586262124    0.315270015820587     27.1565364425764
   0.299999999999955                    0     6.46650869321328  0.00067321586262124    0.314802049905283     24.5524325172991
   0.299999999999955                    0     6.46650869321328  0.00067321586262124    0.314334083989979     21.9483285920217
   0.299999999999955                    0     6.46650869321328  0.00067321586262124    0.313866118074675     19.3442246667443
   0.299999999999955                    0     6.46650869321328  0.00067321586262124    0.313398152159371     16.7401207414669
   0.299999999999955                    0     6.46650869321328  0.00067321586262124    0.312930186244067     14.1360168161896
   0.299999999999955                    0     6.46650869321328  0.00067321586262124    0.312462220328762     11.5319128909122
  0.0996419033531311    0.500108483753029     6.46650869321328  0.00067321586262124    0.311994254413458     8.92780896563481
    35.6853410212411     9.99822276578089     3.76973831399515 0.000853531543695672     1.20989301535959     353.645135518381
   0.299999999999386                    0     6.46650869321328  0.00067321586262124    0.315444656457017     342.203402061394
   0.299999999999955                    0     6.46650869321328  0.00067321586262124    0.315696449306061     341.995913046184
   0.299999999999955                    0     6.46650869321328  0.00067321586262124    0.315948242155106     341.788424030974
   0.299999999999955                    0     6.46650869321328  0.00067321586262124     0.31620003500415     341.580935015763
   0.299999999999955                    0     6.46650869321328  0.00067321586262124    0.316451827853195     341.373446000553
   0.299999999999955                    0     6.46650869321328  0.00067321586262124    0.316703620702239     341.165956985343
   0.299999999999955                    0     6.46650869321328  0.00067321586262124    0.316955413551284     340.958467970132
   0.299999999999955                    0     6.46650869321328  0.00067321586262124    0.317207206400328     340.750978954922
   0.299999999999955                    0     6.46650869321328  0.00067321586262124    0.317458999249373     340.543489939712
   0.299999999999955                    0     6.46650869321328  0.00067321586262124    0.317710792098417     340.336000924501
   0.299999999999955                    0     6.46650869321328  0.00067321586262124    0.317962584947462     340.128511909291
   0.299999999999955                    0     6.46650869321328  0.00067321586262124    0.318214377796506     339.921022894081
   0.299999999999955                    0     6.46650869321328  0.00067321586262124     0.31846617064555      339.71353387887
   0.299999999999955                    0     6.46650869321328  0.00067321586262124    0.318717963494595      339.50604486366
   0.299999999999955                    0     6.46650869321328  0.00067321586262124    0.318969756343639      339.29855584845
   0.299999999999955                    0     6.46650869321328  0.00067321586262124    0.319221549192684     339.091066833239
   0.299999999999955                    0     6.46650869321328  0.00067321586262124    0.319473342041728     338.883577818029
   0.299999999999955                    0     6.46650869321328  0.00067321586262124    0.319725134890773     338.676088802819
   0.299999999999955                    0     6.46650869321328  0.00067321586262124    0.319976927739817     338.468599787608
   0.299999999999955                    0     6.46650869321328  0.00067321586262124    0.320228720588862     338.261110772398
   0.299999999999955                    0     6.46650869321328  0.00067321586262124    0.320480513437906     338.053621757187
   0.299999999999955                    0     6.46650869321328  0.00067321586262124    0.320732306286951     337.846132741977
   0.299999999999955                    0     6.46650869321328  0.00067321586262124    0.320984099135995     337.638643726767
   0.299999999999955                    0     6.46650869321328  0.00067321586262124     0.32123589198504     337.431154711556
   0.299999999999955                    0     6.46650869321328  0.00067321586262124    0.321487684834084     337.223665696346
   0.299999999999955                    0     6.46650869321328  0.00067321586262124    0.321739477683129     337.016176681136
   0.299999999999955                    0     6.46650869321328  0.00067321586262124    0.321991270532173     336.808687665925
   0.299999999999955                    0     6.46650869321328  0.00067321586262124    0.322243063381217     336.601198650715
   0.299999999999955                    0     6.46650869321328  0.00067321586262124    0.322494856230262     336.393709635505
   0.299999999999955                    0     6.46650869321328  0.00067321586262124    0.322746649079306     336.186220620294
   0.206274217816485     5.54076642791756     6.46650869321328  0.00067321586262124    0.322998441928351     335.978731605084
                   0                    0                    0                    0                    0     335.978731605084
