#      z (A) rho (1e-6/A2) irho (1e-6/A2) rhoM (1e-6/A2) theta (degrees)
-10.00000000   3.53290778   0.00034376   0.00000000 267.59892810
  0.00000000   3.53290778   0.00034376   0.00000000 267.59892810
  0.00000000   3.59292103   0.00081350   1.06626822 267.59892810
 35.75951428   3.59292103   0.00081350   1.06626822 267.59892810
 35.75951428   6.21202561   0.00064672   0.28533578 275.95220933
 36.05951428   6.21202561   0.00064672   0.28533578 275.95220933
 36.05951428   6.21202561   0.00064672   0.28640897 275.58555648
 36.35951428   6.21202561   0.00064672   0.28640897 275.58555648
 36.35951428   6.21202561   0.00064672   0.28748215 275.21890363
 36.65951428   6.21202561   0.00064672   0.28748215 275.21890363
 36.65951428   6.21202561   0.00064672   0.28855534 274.85225078
 36.95951428   6.21202561   0.00064672   0.28855534 274.85225078
 36.95951428   6.21202561   0.00064672   0.28962852 274.48559793
 37.25951428   6.21202561   0.00064672   0.28962852 274.48559793
 37.25951428   6.21202561   0.00064672   0.29070171 274.11894508
 37.55951428   6.21202561   0.00064672   0.29070171 274.11894508
 37.55951428   6.21202561   0.00064672   0.29177489 273.75229223
 37.85951428   6.21202561   0.00064672   0.29177489 273.75229223
 37.85951428   6.21202561   0.00064672   0.29284808 273.38563938
 38.15951428   6.21202561   0.00064672   0.29284808 273.38563938
 38.15951428   6.21202561   0.00064672   0.29392126 273.01898653
 38.45951428   6.21202561   0.00064672   0.29392126 273.01898653
 38.45951428   6.21202561   0.00064672   0.29499445 272.65233368
 38.75951428   6.21202561   0.00064672   0.29499445 272.65233368
 38.75951428   6.21202561   0.00064672   0.29606763 272.28568083
 39.05951428   6.21202561   0.00064672   0.29606763 272.28568083
 39.05951428   6.21202561   0.00064672   0.29714082 271.91902798
 39.35951428   6.21202561   0.00064672   0.29714082 271.91902798
 39.35951428   6.21202561   0.00064672   0.29821400 271.55237513
 39.65951428   6.21202561   0.00064672   0.29821400 271.55237513
 39.65951428   6.21202561   0.00064672   0.29928719 271.18572228
 39.95951428   6.21202561   0.00064672   0.29928719 271.18572228
 39.95951428   6.21202561   0.00064672   0.30036037 270.81906943
 40.25951428   6.21202561   0.00064672   0.30036037 270.81906943
 40.25951428   6.21202561   0.00064672   0.30143356 270.45241658
 40.55951428   6.21202561   0.00064672   0.30143356 270.45241658
 40.55951428   6.21202561   0.00064672   0.30250674 270.08576373
 40.85951428   6.21202561   0.00064672   0.30250674 270.08576373
 40.85951428   6.21202561   0.00064672   0.30357993 269.71911088
 41.15951428   6.21202561   0.00064672   0.30357993 269.71911088
 41.15951428   6.21202561   0.00064672   0.30465311 269.35245803
 41.45951428   6.21202561   0.00064672   0.30465311 269.35245803
 41.45951428   6.21202561   0.00064672   0.30572630 268.98580518
 41.75951428   6.21202561   0.00064672   0.30572630 268.98580518
 41.75951428   6.21202561   0.00064672   0.30679948 268.61915233
 42.05951428   6.21202561   0.00064672   0.30679948 268.61915233
 42.05951428   6.21202561   0.00064672   0.30787267 268.25249948
 42.35951428   6.21202561   0.00064672   0.30787267 268.25249948
 42.35951428   6.21202561   0.00064672   0.30894585 267.88584663
 42.65951428   6.21202561   0.00064672   0.30894585 267.88584663
 42.65951428   6.21202561   0.00064672   0.31001904 267.51919378
 42.95951428   6.21202561   0.00064672   0.31001904 267.51919378
 42.95951428   6.21202561   0.00064672   0.31109222 267.15254093
 43.25951428   6.21202561   0.00064672   0.31109222 267.15254093
 43.25951428   6.21202561   0.00064672   0.31216541 266.78588808
 43.55951428   6.21202561   0.00064672   0.31216541 266.78588808
 43.55951428   6.21202561   0.00064672   0.31323859 266.41923523
 43.85951428   6.21202561   0.00064672   0.31323859 266.41923523
 43.85951428   6.21202561   0.00064672   0.31431178 266.05258238
 44.01759597   6.21202561   0.00064672   0.31431178 266.05258238
 44.01759597   3.59292103   0.00081350   1.12550765 271.08297086
 76.80075000   3.59292103   0.00081350   1.12550765 271.08297086
 76.80075000   6.21202561   0.00064672   0.31253008 283.01476555
 77.10075000   6.21202561   0.00064672   0.31253008 283.01476555
 77.10075000   6.21202561   0.00064672   0.31232530 282.69385659
 77.40075000   6.21202561   0.00064672   0.31232530 282.69385659
 77.40075000   6.21202561   0.00064672   0.31212052 282.37294763
 77.70075000   6.21202561   0.00064672   0.31212052 282.37294763
 77.70075000   6.21202561   0.00064672   0.31191574 282.05203866
 78.00075000   6.21202561   0.00064672   0.31191574 282.05203866
 78.00075000   6.21202561   0.00064672   0.31171096 281.73112970
 78.30075000   6.21202561   0.00064672   0.31171096 281.73112970
 78.30075000   6.21202561   0.00064672   0.31150618 281.41022074
 78.60075000   6.21202561   0.00064672   0.31150618 281.41022074
 78.60075000   6.21202561   0.00064672   0.31130140 281.08931177
 78.90075000   6.21202561   0.00064672   0.31130140 281.08931177
 78.90075000   6.21202561   0.00064672   0.31109662 280.76840281
 79.20075000   6.21202561   0.00064672   0.31109662 280.76840281
 79.20075000   6.21202561   0.00064672   0.31089184 280.44749385
 79.50075000   6.21202561   0.00064672   0.31089184 280.44749385
 79.50075000   6.21202561   0.00064672   0.31068706 280.12658488
 79.80075000   6.21202561   0.00064672   0.31068706 280.12658488
 79.80075000   6.21202561   0.00064672   0.31048228 279.80567592
 80.10075000   6.21202561   0.00064672   0.31048228 279.80567592
 80.10075000   6.21202561   0.00064672   0.31027750 279.48476696
 80.40075000   6.21202561   0.00064672   0.31027750 279.48476696
 80.40075000   6.21202561   0.00064672   0.31007272 279.16385799
 80.70075000   6.21202561   0.00064672   0.31007272 279.16385799
 80.70075000   6.21202561   0.00064672   0.30986794 278.84294903
 81.00075000   6.21202561   0.00064672   0.30986794 278.84294903
 81.00075000   6.21202561   0.00064672   0.30966316 278.52204007
 81.30075000   6.21202561   0.00064672   0.30966316 278.52204007
 81.30075000   6.21202561   0.00064672   0.30945838 278.20113110
 81.60075000   6.21202561   0.00064672   0.30945838 278.20113110
 81.60075000   6.21202561   0.00064672   0.30925360 277.88022214
 81.90075000   6.21202561   0.00064672   0.30925360 277.88022214
 81.90075000   6.21202561   0.00064672   0.30904882 277.55931318
 82.20075000   6.21202561   0.00064672   0.30904882 277.55931318
 82.20075000   6.21202561   0.00064672   0.30884404 277.23840421
 82.50075000   6.21202561   0.00064672   0.30884404 277.23840421
 82.50075000   6.21202561   0.00064672   0.30863926 276.91749525
 82.80075000   6.21202561   0.00064672   0.30863926 276.91749525
 82.80075000   6.21202561   0.00064672   0.30843448 276.59658629
 83.10075000   6.21202561   0.00064672   0.30843448 276.59658629
 83.10075000   6.21202561   0.00064672   0.30822970 276.27567732
 83.40075000   6.21202561   0.00064672   0.30822970 276.27567732
 83.40075000   6.21202561   0.00064672   0.30802492 275.95476836
 83.70075000   6.21202561   0.00064672   0.30802492 275.95476836
 83.70075000   6.21202561   0.00064672   0.30782014 275.63385940
 84.00075000   6.21202561   0.00064672   0.30782014 275.63385940
 84.00075000   6.21202561   0.00064672   0.30761536 275.31295043
 84.30075000   6.21202561   0.00064672   0.30761536 275.31295043
 84.30075000   6.21202561   0.00064672   0.30741058 274.99204147
 84.60075000   6.21202561   0.00064672   0.30741058 274.99204147
 84.60075000   6.21202561   0.00064672   0.30720580 274.67113250
 84.90075000   6.21202561   0.00064672   0.30720580 274.67113250
 84.90075000   6.21202561   0.00064672   0.30700102 274.35022354
 85.20075000   6.21202561   0.00064672   0.30700102 274.35022354
 85.20075000   6.21202561   0.00064672   0.30679625 274.02931458
 85.50075000   6.21202561   0.00064672   0.30679625 274.02931458
 85.50075000   6.21202561   0.00064672   0.30659147 273.70840561
 85.80075000   6.21202561   0.00064672   0.30659147 273.70840561
 85.80075000   6.21202561   0.00064672   0.30638669 273.38749665
 86.10075000   6.21202561   0.00064672   0.30638669 273.38749665
 86.10075000   6.21202561   0.00064672   0.30618191 273.06658769
 86.40075000   6.21202561   0.00064672   0.30618191 273.06658769
 86.40075000   6.21202561   0.00064672   0.30597713 272.74567872
 86.70075000   6.21202561   0.00064672   0.30597713 272.74567872
 86.70075000   6.21202561   0.00064672   0.30577235 272.42476976
 87.00075000   6.21202561   0.00064672   0.30577235 272.42476976
 87.00075000   6.21202561   0.00064672   0.30556757 272.10386080
 87.30075000   6.21202561   0.00064672   0.30556757 272.10386080
 87.30075000   6.21202561   0.00064672   0.30536279 271.78295183
 87.60075000   6.21202561   0.00064672   0.30536279 271.78295183
 87.60075000   6.21202561   0.00064672   0.30515801 271.46204287
 87.90075000   6.21202561   0.00064672   0.30515801 271.46204287
 87.90075000   6.21202561   0.00064672   0.30495323 271.14113391
 88.20075000   6.21202561   0.00064672   0.30495323 271.14113391
 88.20075000   6.21202561   0.00064672   0.30474845 270.82022494
 88.50075000   6.21202561   0.00064672   0.30474845 270.82022494
 88.50075000   6.21202561   0.00064672   0.30454367 270.49931598
 88.80075000   6.21202561   0.00064672   0.30454367 270.49931598
 88.80075000   6.21202561   0.00064672   0.30433889 270.17840702
 89.10075000   6.21202561   0.00064672   0.30433889 270.17840702
 89.10075000   6.21202561   0.00064672   0.30413411 269.85749805
 89.40075000   6.21202561   0.00064672   0.30413411 269.85749805
 89.40075000   6.21202561   0.00064672   0.30392933 269.53658909
 89.70075000   6.21202561   0.00064672   0.30392933 269.53658909
 89.70075000   6.21202561   0.00064672   0.30372455 269.21568013
 90.00075000   6.21202561   0.00064672   0.30372455 269.21568013
 90.00075000   6.21202561   0.00064672   0.30351977 268.89477116
 90.30075000   6.21202561   0.00064672   0.30351977 268.89477116
 90.30075000   6.21202561   0.00064672   0.30331499 268.57386220
 90.60075000   6.21202561   0.00064672   0.30331499 268.57386220
 90.60075000   6.21202561   0.00064672   0.30311021 268.25295324
 90.90075000   6.21202561   0.00064672   0.30311021 268.25295324
 90.90075000   6.21202561   0.00064672   0.30290543 267.93204427
 91.20075000   6.21202561   0.00064672   0.30290543 267.93204427
 91.20075000   6.21202561   0.00064672   0.30270065 267.61113531
 91.40552390   6.21202561   0.00064672   0.30270065 267.61113531
 91.40552390   3.59292103   0.00081350   1.01541735 271.19213580
131.05482655   3.59292103   0.00081350   1.01541735 271.19213580
131.05482655   6.21202561   0.00064672   0.29293518  51.14572633
131.35482655   6.21202561   0.00064672   0.29293518  51.14572633
131.35482655   6.21202561   0.00064672   0.29301995  58.17211416
131.65482655   6.21202561   0.00064672   0.29301995  58.17211416
131.65482655   6.21202561   0.00064672   0.29310473  65.19850199
131.95482655   6.21202561   0.00064672   0.29310473  65.19850199
131.95482655   6.21202561   0.00064672   0.29318951  72.22488982
132.25482655   6.21202561   0.00064672   0.29318951  72.22488982
132.25482655   6.21202561   0.00064672   0.29327428  79.25127765
132.55482655   6.21202561   0.00064672   0.29327428  79.25127765
132.55482655   6.21202561   0.00064672   0.29335906  86.27766547
132.85482655   6.21202561   0.00064672   0.29335906  86.27766547
132.85482655   6.21202561   0.00064672   0.29344384  93.30405330
133.15482655   6.21202561   0.00064672   0.29344384  93.30405330
133.15482655   6.21202561   0.00064672   0.29352862 100.33044113
133.45482655   6.21202561   0.00064672   0.29352862 100.33044113
133.45482655   6.21202561   0.00064672   0.29361339 107.35682896
133.75482655   6.21202561   0.00064672   0.29361339 107.35682896
133.75482655   6.21202561   0.00064672   0.29369817 114.38321679
134.05482655   6.21202561   0.00064672   0.29369817 114.38321679
134.05482655   6.21202561   0.00064672   0.29378295 121.40960462
134.35482655   6.21202561   0.00064672   0.29378295 121.40960462
134.35482655   6.21202561   0.00064672   0.29386772 128.43599245
134.65482655   6.21202561   0.00064672   0.29386772 128.43599245
134.65482655   6.21202561   0.00064672   0.29395250 135.46238027
134.95482655   6.21202561   0.00064672   0.29395250 135.46238027
134.95482655   6.21202561   0.00064672   0.29403728 142.48876810
135.25482655   6.21202561   0.00064672   0.29403728 142.48876810
135.25482655   6.21202561   0.00064672   0.29412205 149.51515593
135.55482655   6.21202561   0.00064672   0.29412205 149.51515593
135.55482655   6.21202561   0.00064672   0.29420683 156.54154376
135.85482655   6.21202561   0.00064672   0.29420683 156.54154376
135.85482655   6.21202561   0.00064672   0.29429161 163.56793159
136.15482655   6.21202561   0.00064672   0.29429161 163.56793159
136.15482655   6.21202561   0.00064672   0.29437639 170.59431942
136.45482655   6.21202561   0.00064672   0.29437639 170.59431942
136.45482655   6.21202561   0.00064672   0.29446116 177.62070724
136.75482655   6.21202561   0.00064672   0.29446116 177.62070724
136.75482655   6.21202561   0.00064672   0.29454594 184.64709507
137.05482655   6.21202561   0.00064672   0.29454594 184.64709507
137.05482655   6.21202561   0.00064672   0.29463072 191.67348290
137.35482655   6.21202561   0.00064672   0.29463072 191.67348290
137.35482655   6.21202561   0.00064672   0.29471549 198.69987073
137.65482655   6.21202561   0.00064672   0.29471549 198.69987073
137.65482655   6.21202561   0.00064672   0.29480027 205.72625856
137.95482655   6.21202561   0.00064672   0.29480027 205.72625856
137.95482655   6.21202561   0.00064672   0.29488505 212.75264639
138.25482655   6.21202561   0.00064672   0.29488505 212.75264639
138.25482655   6.21202561   0.00064672   0.29496983 219.77903422
138.55482655   6.21202561   0.00064672   0.29496983 219.77903422
138.55482655   6.21202561   0.00064672   0.29505460 226.80542204
138.85482655   6.21202561   0.00064672   0.29505460 226.80542204
138.85482655   6.21202561   0.00064672   0.29513938 233.83180987
139.15482655   6.21202561   0.00064672   0.29513938 233.83180987
139.15482655   6.21202561   0.00064672   0.29522416 240.85819770
139.45482655   6.21202561   0.00064672   0.29522416 240.85819770
139.45482655   6.21202561   0.00064672   0.29530893 247.88458553
139.75482655   6.21202561   0.00064672   0.29530893 247.88458553
139.75482655   6.21202561   0.00064672   0.29539371 254.91097336
140.05482655   6.21202561   0.00064672   0.29539371 254.91097336
140.05482655   6.21202561   0.00064672   0.29547849 261.93736119
140.35482655   6.21202561   0.00064672   0.29547849 261.93736119
140.35482655   6.21202561   0.00064672   0.29556327 268.96374901
140.65482655   6.21202561   0.00064672   0.29556327 268.96374901
140.65482655   6.21202561   0.00064672   0.29564804 275.99013684
140.95482655   6.21202561   0.00064672   0.29564804 275.99013684
140.95482655   6.21202561   0.00064672   0.29573282 283.01652467
141.25482655   6.21202561   0.00064672   0.29573282 283.01652467
141.25482655   6.21202561   0.00064672   0.29581760 290.04291250
141.55482655   6.21202561   0.00064672   0.29581760 290.04291250
141.55482655   6.21202561   0.00064672   0.29590237 297.06930033
141.85482655   6.21202561   0.00064672   0.29590237 297.06930033
141.85482655   6.21202561   0.00064672   0.29598715 304.09568816
142.15482655   6.21202561   0.00064672   0.29598715 304.09568816
142.15482655   6.21202561   0.00064672   0.29607193 311.12207599
142.45482655   6.21202561   0.00064672   0.29607193 311.12207599
142.45482655   6.21202561   0.00064672   0.29615670 318.14846381
142.75482655   6.21202561   0.00064672   0.29615670 318.14846381
142.75482655   6.21202561   0.00064672   0.29624148 325.17485164
142.97880964   6.21202561   0.00064672   0.29624148 325.17485164
142.97880964   3.59292103   0.00081350   0.93163150 263.28172346
182.53233447   3.59292103   0.00081350   0.93163150 263.28172346
182.53233447   6.21202561   0.00064672   0.28478259 354.46555820
182.83233447   6.21202561   0.00064672   0.28478259 354.46555820
182.83233447   6.21202561   0.00064672   0.28477773 353.95724625
183.13233447   6.21202561   0.00064672   0.28477773 353.95724625
183.13233447   6.21202561   0.00064672   0.28477288 353.44893431
183.43233447   6.21202561   0.00064672   0.28477288 353.44893431
183.43233447   6.21202561   0.00064672   0.28476802 352.94062237
183.73233447   6.21202561   0.00064672   0.28476802 352.94062237
183.73233447   6.21202561   0.00064672   0.28476316 352.43231042
184.03233447   6.21202561   0.00064672   0.28476316 352.43231042
184.03233447   6.21202561   0.00064672   0.28475830 351.92399848
184.33233447   6.21202561   0.00064672   0.28475830 351.92399848
184.33233447   6.21202561   0.00064672   0.28475344 351.41568654
184.63233447   6.21202561   0.00064672   0.28475344 351.41568654
184.63233447   6.21202561   0.00064672   0.28474858 350.90737459
184.93233447   6.21202561   0.00064672   0.28474858 350.90737459
184.93233447   6.21202561   0.00064672   0.28474372 350.39906265
185.23233447   6.21202561   0.00064672   0.28474372 350.39906265
185.23233447   6.21202561   0.00064672   0.28473886 349.89075071
185.53233447   6.21202561   0.00064672   0.28473886 349.89075071
185.53233447   6.21202561   0.00064672   0.28473400 349.38243876
185.83233447   6.21202561   0.00064672   0.28473400 349.38243876
185.83233447   6.21202561   0.00064672   0.28472914 348.87412682
186.13233447   6.21202561   0.00064672   0.28472914 348.87412682
186.13233447   6.21202561   0.00064672   0.28472428 348.36581488
186.43233447   6.21202561   0.00064672   0.28472428 348.36581488
186.43233447   6.21202561   0.00064672   0.28471942 347.85750293
186.73233447   6.21202561   0.00064672   0.28471942 347.85750293
186.73233447   6.21202561   0.00064672   0.28471456 347.34919099
187.03233447   6.21202561   0.00064672   0.28471456 347.34919099
187.03233447   6.21202561   0.00064672   0.28470970 346.84087905
187.33233447   6.21202561   0.00064672   0.28470970 346.84087905
187.33233447   6.21202561   0.00064672   0.28470485 346.33256710
187.63233447   6.21202561   0.00064672   0.28470485 346.33256710
187.63233447   6.21202561   0.00064672   0.28469999 345.82425516
187.93233447   6.21202561   0.00064672   0.28469999 345.82425516
187.93233447   6.21202561   0.00064672   0.28469513 345.31594322
188.23233447   6.21202561   0.00064672   0.28469513 345.31594322
188.23233447   6.21202561   0.00064672   0.28469027 344.80763128
188.53233447   6.21202561   0.00064672   0.28469027 344.80763128
188.53233447   6.21202561   0.00064672   0.28468541 344.29931933
188.83233447   6.21202561   0.00064672   0.28468541 344.29931933
188.83233447   6.21202561   0.00064672   0.28468055 343.79100739
189.13233447   6.21202561   0.00064672   0.28468055 343.79100739
189.13233447   6.21202561   0.00064672   0.28467569 343.28269545
189.43233447   6.21202561   0.00064672   0.28467569 343.28269545
189.43233447   6.21202561   0.00064672   0.28467083 342.77438350
189.73233447   6.21202561   0.00064672   0.28467083 342.77438350
189.73233447   6.21202561   0.00064672   0.28466597 342.26607156
190.03233447   6.21202561   0.00064672   0.28466597 342.26607156
190.03233447   6.21202561   0.00064672   0.28466111 341.75775962
190.33233447   6.21202561   0.00064672   0.28466111 341.75775962
190.33233447   6.21202561   0.00064672   0.28465625 341.24944767
190.63233447   6.21202561   0.00064672   0.28465625 341.24944767
190.63233447   6.21202561   0.00064672   0.28465139 340.74113573
190.93233447   6.21202561   0.00064672   0.28465139 340.74113573
190.93233447   6.21202561   0.00064672   0.28464653 340.23282379
191.23233447   6.21202561   0.00064672   0.28464653 340.23282379
191.23233447   6.21202561   0.00064672   0.28464168 339.72451184
191.53233447   6.21202561   0.00064672   0.28464168 339.72451184
191.53233447   6.21202561   0.00064672   0.28463682 339.21619990
191.83233447   6.21202561   0.00064672   0.28463682 339.21619990
191.83233447   6.21202561   0.00064672   0.28463196 338.70788796
192.13233447   6.21202561   0.00064672   0.28463196 338.70788796
192.13233447   6.21202561   0.00064672   0.28462710 338.19957601
192.43233447   6.21202561   0.00064672   0.28462710 338.19957601
192.43233447   6.21202561   0.00064672   0.28462224 337.69126407
192.73233447   6.21202561   0.00064672   0.28462224 337.69126407
192.73233447   6.21202561   0.00064672   0.28461738 337.18295213
193.03233447   6.21202561   0.00064672   0.28461738 337.18295213
193.03233447   6.21202561   0.00064672   0.28461252 336.67464018
193.33233447   6.21202561   0.00064672   0.28461252 336.67464018
193.33233447   6.21202561   0.00064672   0.28460766 336.16632824
193.63233447   6.21202561   0.00064672   0.28460766 336.16632824
193.63233447   6.21202561   0.00064672   0.28460280 335.65801630
193.93233447   6.21202561   0.00064672   0.28460280 335.65801630
193.93233447   6.21202561   0.00064672   0.28459794 335.14970436
194.23233447   6.21202561   0.00064672   0.28459794 335.14970436
194.23233447   6.21202561   0.00064672   0.28459308 334.64139241
194.53233447   6.21202561   0.00064672   0.28459308 334.64139241
194.53233447   6.21202561   0.00064672   0.28458822 334.13308047
194.83233447   6.21202561   0.00064672   0.28458822 334.13308047
194.83233447   6.21202561   0.00064672   0.28458336 333.62476853
195.13233447   6.21202561   0.00064672   0.28458336 333.62476853
195.13233447   6.21202561   0.00064672   0.28457850 333.11645658
195.43233447   6.21202561   0.00064672   0.28457850 333.11645658
195.43233447   6.21202561   0.00064672   0.28457365 332.60814464
195.73233447   6.21202561   0.00064672   0.28457365 332.60814464
195.73233447   6.21202561   0.00064672   0.28456879 332.09983270
196.03233447   6.21202561   0.00064672   0.28456879 332.09983270
196.03233447   6.21202561   0.00064672   0.28456393 331.59152075
196.33233447   6.21202561   0.00064672   0.28456393 331.59152075
196.33233447   6.21202561   0.00064672   0.28455907 331.08320881
196.63233447   6.21202561   0.00064672   0.28455907 331.08320881
196.63233447   6.21202561   0.00064672   0.28455421 330.57489687
196.93233447   6.21202561   0.00064672   0.28455421 330.57489687
196.93233447   6.21202561   0.00064672   0.28454935 330.06658492
197.23233447   6.21202561   0.00064672   0.28454935 330.06658492
197.23233447   6.21202561   0.00064672   0.28454449 329.55827298
197.30270135   6.21202561   0.00064672   0.28454449 329.55827298
197.30270135   3.59292103   0.00081350   0.96738311 263.96522223
227.35136020   3.59292103   0.00081350   0.96738311 263.96522223
227.35136020   6.21202561   0.00064672   0.28389145  42.48812789
227.65136020   6.21202561   0.00064672   0.28389145  42.48812789
227.65136020   6.21202561   0.00064672   0.28454867  43.58730799
227.95136020   6.21202561   0.00064672   0.28454867  43.58730799
227.95136020   6.21202561   0.00064672   0.28520589  44.68648810
228.25136020   6.21202561   0.00064672   0.28520589  44.68648810
228.25136020   6.21202561   0.00064672   0.28586312  45.78566820
228.55136020   6.21202561   0.00064672   0.28586312  45.78566820
228.55136020   6.21202561   0.00064672   0.28652034  46.88484831
228.85136020   6.21202561   0.00064672   0.28652034  46.88484831
228.85136020   6.21202561   0.00064672   0.28717757  47.98402841
229.15136020   6.21202561   0.00064672   0.28717757  47.98402841
229.15136020   6.21202561   0.00064672   0.28783479  49.08320852
229.45136020   6.21202561   0.00064672   0.28783479  49.08320852
229.45136020   6.21202561   0.00064672   0.28849202  50.18238863
229.75136020   6.21202561   0.00064672   0.28849202  50.18238863
229.75136020   6.21202561   0.00064672   0.28914924  51.28156873
230.05136020   6.21202561   0.00064672   0.28914924  51.28156873
230.05136020   6.21202561   0.00064672   0.28980646  52.38074884
230.35136020   6.21202561   0.00064672   0.28980646  52.38074884
230.35136020   6.21202561   0.00064672   0.29046369  53.47992894
230.65136020   6.21202561   0.00064672   0.29046369  53.47992894
230.65136020   6.21202561   0.00064672   0.29112091  54.57910905
230.95136020   6.21202561   0.00064672   0.29112091  54.57910905
230.95136020   6.21202561   0.00064672   0.29177814  55.67828915
231.25136020   6.21202561   0.00064672   0.29177814  55.67828915
231.25136020   6.21202561   0.00064672   0.29243536  56.77746926
231.55136020   6.21202561   0.00064672   0.29243536  56.77746926
231.55136020   6.21202561   0.00064672   0.29309258  57.87664937
231.85136020   6.21202561   0.00064672   0.29309258  57.87664937
231.85136020   6.21202561   0.00064672   0.29374981  58.97582947
232.15136020   6.21202561   0.00064672   0.29374981  58.97582947
232.15136020   6.21202561   0.00064672   0.29440703  60.07500958
232.45136020   6.21202561   0.00064672   0.29440703  60.07500958
232.45136020   6.21202561   0.00064672   0.29506426  61.17418968
232.75136020   6.21202561   0.00064672   0.29506426  61.17418968
232.75136020   6.21202561   0.00064672   0.29572148  62.27336979
233.05136020   6.21202561   0.00064672   0.29572148  62.27336979
233.05136020   6.21202561   0.00064672   0.29637870  63.37254989
233.35136020   6.21202561   0.00064672   0.29637870  63.37254989
233.35136020   6.21202561   0.00064672   0.29703593  64.47173000
233.65136020   6.21202561   0.00064672   0.29703593  64.47173000
233.65136020   6.21202561   0.00064672   0.29769315  65.57091011
233.95136020   6.21202561   0.00064672   0.29769315  65.57091011
233.95136020   6.21202561   0.00064672   0.29835038  66.67009021
234.25136020   6.21202561   0.00064672   0.29835038  66.67009021
234.25136020   6.21202561   0.00064672   0.29900760  67.76927032
234.55136020   6.21202561   0.00064672   0.29900760  67.76927032
234.55136020   6.21202561   0.00064672   0.29966483  68.86845042
234.85136020   6.21202561   0.00064672   0.29966483  68.86845042
234.85136020   6.21202561   0.00064672   0.30032205  69.96763053
235.15136020   6.21202561   0.00064672   0.30032205  69.96763053
235.15136020   6.21202561   0.00064672   0.30097927  71.06681063
235.45136020   6.21202561   0.00064672   0.30097927  71.06681063
235.45136020   6.21202561   0.00064672   0.30163650  72.16599074
235.75136020   6.21202561   0.00064672   0.30163650  72.16599074
235.75136020   6.21202561   0.00064672   0.30229372  73.26517085
236.05136020   6.21202561   0.00064672   0.30229372  73.26517085
236.05136020   6.21202561   0.00064672   0.30295095  74.36435095
236.35136020   6.21202561   0.00064672   0.30295095  74.36435095
236.35136020   6.21202561   0.00064672   0.30360817  75.46353106
236.65136020   6.21202561   0.00064672   0.30360817  75.46353106
236.65136020   6.21202561   0.00064672   0.30426539  76.56271116
236.95136020   6.21202561   0.00064672   0.30426539  76.56271116
236.95136020   6.21202561   0.00064672   0.30492262  77.66189127
237.25136020   6.21202561   0.00064672   0.30492262  77.66189127
237.25136020   6.21202561   0.00064672   0.30557984  78.76107137
237.55136020   6.21202561   0.00064672   0.30557984  78.76107137
237.55136020   6.21202561   0.00064672   0.30623707  79.86025148
237.85136020   6.21202561   0.00064672   0.30623707  79.86025148
237.85136020   6.21202561   0.00064672   0.30689429  80.95943159
238.15136020   6.21202561   0.00064672   0.30689429  80.95943159
238.15136020   6.21202561   0.00064672   0.30755152  82.05861169
238.45136020   6.21202561   0.00064672   0.30755152  82.05861169
238.45136020   6.21202561   0.00064672   0.30820874  83.15779180
238.75136020   6.21202561   0.00064672   0.30820874  83.15779180
238.75136020   6.21202561   0.00064672   0.30886596  84.25697190
239.05136020   6.21202561   0.00064672   0.30886596  84.25697190
239.05136020   6.21202561   0.00064672   0.30952319  85.35615201
239.35136020   6.21202561   0.00064672   0.30952319  85.35615201
239.35136020   6.21202561   0.00064672   0.31018041  86.45533211
239.65136020   6.21202561   0.00064672   0.31018041  86.45533211
239.65136020   6.21202561   0.00064672   0.31083764  87.55451222
239.86906965   6.21202561   0.00064672   0.31083764  87.55451222
239.86906965   3.59292103   0.00081350   0.90777042 256.59259403
276.45807419   3.59292103   0.00081350   0.90777042 256.59259403
276.45807419   6.21202561   0.00064672   0.30445320 144.33512371
276.75807419   6.21202561   0.00064672   0.30445320 144.33512371
276.75807419   6.21202561   0.00064672   0.30053575 146.56361359
277.05807419   6.21202561   0.00064672   0.30053575 146.56361359
277.05807419   6.21202561   0.00064672   0.29661829 148.79210348
277.35807419   6.21202561   0.00064672   0.29661829 148.79210348
277.35807419   6.21202561   0.00064672   0.29270083 151.02059337
277.65807419   6.21202561   0.00064672   0.29270083 151.02059337
277.65807419   6.21202561   0.00064672   0.28878338 153.24908325
277.95807419   6.21202561   0.00064672   0.28878338 153.24908325
277.95807419   6.21202561   0.00064672   0.28486592 155.47757314
278.09332676   6.21202561   0.00064672   0.28486592 155.47757314
278.09332676   3.59292103   0.00081350   0.93495599 291.25304380
310.73548248   3.59292103   0.00081350   0.93495599 291.25304380
310.73548248   6.21202561   0.00064672   0.31578823 282.42190753
311.03548248   6.21202561   0.00064672   0.31578823 282.42190753
311.03548248   6.21202561   0.00064672   0.31252846 287.58527835
311.33548248   6.21202561   0.00064672   0.31252846 287.58527835
311.33548248   6.21202561   0.00064672   0.30926869 292.74864916
311.63548248   6.21202561   0.00064672   0.30926869 292.74864916
311.63548248   6.21202561   0.00064672   0.30600892 297.91201998
311.93548248   6.21202561   0.00064672   0.30600892 297.91201998
311.93548248   6.21202561   0.00064672   0.30274915 303.07539079
312.23548248   6.21202561   0.00064672   0.30274915 303.07539079
312.23548248   6.21202561   0.00064672   0.29948938 308.23876161
312.53548248   6.21202561   0.00064672   0.29948938 308.23876161
312.53548248   6.21202561   0.00064672   0.29622961 313.40213242
312.83548248   6.21202561   0.00064672   0.29622961 313.40213242
312.83548248   6.21202561   0.00064672   0.29296984 318.56550323
313.13548248   6.21202561   0.00064672   0.29296984 318.56550323
313.13548248   6.21202561   0.00064672   0.28971007 323.72887405
313.28683619   6.21202561   0.00064672   0.28971007 323.72887405
313.28683619   3.59292103   0.00081350   0.88696701 155.45234657
340.16306284   3.59292103   0.00081350   0.88696701 155.45234657
340.16306284   6.21202561   0.00064672   0.28600630 292.50225889
340.46306284   6.21202561   0.00064672   0.28600630 292.50225889
340.46306284   6.21202561   0.00064672   0.28599680 296.55751962
340.76306284   6.21202561   0.00064672   0.28599680 296.55751962
340.76306284   6.21202561   0.00064672   0.28598731 300.61278035
341.06306284   6.21202561   0.00064672   0.28598731 300.61278035
341.06306284   6.21202561   0.00064672   0.28597782 304.66804109
341.36306284   6.21202561   0.00064672   0.28597782 304.66804109
341.36306284   6.21202561   0.00064672   0.28596832 308.72330182
341.66306284   6.21202561   0.00064672   0.28596832 308.72330182
341.66306284   6.21202561   0.00064672   0.28595883 312.77856255
341.96306284   6.21202561   0.00064672   0.28595883 312.77856255
341.96306284   6.21202561   0.00064672   0.28594933 316.83382328
342.26306284   6.21202561   0.00064672   0.28594933 316.83382328
342.26306284   6.21202561   0.00064672   0.28593984 320.88908402
342.56306284   6.21202561   0.00064672   0.28593984 320.88908402
342.56306284   6.21202561   0.00064672   0.28593035 324.94434475
342.86306284   6.21202561   0.00064672   0.28593035 324.94434475
342.86306284   6.21202561   0.00064672   0.28592085 328.99960548
343.16306284   6.21202561   0.00064672   0.28592085 328.99960548
343.16306284   6.21202561   0.00064672   0.28591136 333.05486621
343.46306284   6.21202561   0.00064672   0.28591136 333.05486621
343.46306284   6.21202561   0.00064672   0.28590187 337.11012694
343.76306284   6.21202561   0.00064672   0.28590187 337.11012694
343.76306284   6.21202561   0.00064672   0.28589237 341.16538768
344.06306284   6.21202561   0.00064672   0.28589237 341.16538768
344.06306284   6.21202561   0.00064672   0.28588288 345.22064841
344.36306284   6.21202561   0.00064672   0.28588288 345.22064841
344.36306284   6.21202561   0.00064672   0.28587338 349.27590914
344.55232526   6.21202561   0.00064672   0.28587338 349.27590914
344.55232526   3.59292103   0.00081350   1.01848466 277.30958122
381.70435122   3.59292103   0.00081350   1.01848466 277.30958122
381.70435122   6.21202561   0.00064672   0.29955523 145.10799473
382.00435122   6.21202561   0.00064672   0.29955523 145.10799473
382.00435122   6.21202561   0.00064672   0.29983153 142.76903569
382.30435122   6.21202561   0.00064672   0.29983153 142.76903569
382.30435122   6.21202561   0.00064672   0.30010783 140.43007664
382.60435122   6.21202561   0.00064672   0.30010783 140.43007664
382.60435122   6.21202561   0.00064672   0.30038412 138.09111760
382.90435122   6.21202561   0.00064672   0.30038412 138.09111760
382.90435122   6.21202561   0.00064672   0.30066042 135.75215856
383.20435122   6.21202561   0.00064672   0.30066042 135.75215856
383.20435122   6.21202561   0.00064672   0.30093672 133.41319951
383.50435122   6.21202561   0.00064672   0.30093672 133.41319951
383.50435122   6.21202561   0.00064672   0.30121302 131.07424047
383.80435122   6.21202561   0.00064672   0.30121302 131.07424047
383.80435122   6.21202561   0.00064672   0.30148931 128.73528143
384.10435122   6.21202561   0.00064672   0.30148931 128.73528143
384.10435122   6.21202561   0.00064672   0.30176561 126.39632238
384.40435122   6.21202561   0.00064672   0.30176561 126.39632238
384.40435122   6.21202561   0.00064672   0.30204191 124.05736334
384.70435122   6.21202561   0.00064672   0.30204191 124.05736334
384.70435122   6.21202561   0.00064672   0.30231821 121.71840430
385.00435122   6.21202561   0.00064672   0.30231821 121.71840430
385.00435122   6.21202561   0.00064672   0.30259450 119.37944525
385.30435122   6.21202561   0.00064672   0.30259450 119.37944525
385.30435122   6.21202561   0.00064672   0.30287080 117.04048621
385.60435122   6.21202561   0.00064672   0.30287080 117.04048621
385.60435122   6.21202561   0.00064672   0.30314710 114.70152717
385.90435122   6.21202561   0.00064672   0.30314710 114.70152717
385.90435122   6.21202561   0.00064672   0.30342340 112.36256812
386.20435122   6.21202561   0.00064672   0.30342340 112.36256812
386.20435122   6.21202561   0.00064672   0.30369969 110.02360908
386.50435122   6.21202561   0.00064672   0.30369969 110.02360908
386.50435122   6.21202561   0.00064672   0.30397599 107.68465004
386.80435122   6.21202561   0.00064672   0.30397599 107.68465004
386.80435122   6.21202561   0.00064672   0.30425229 105.34569099
387.10435122   6.21202561   0.00064672   0.30425229 105.34569099
387.10435122   6.21202561   0.00064672   0.30452859 103.00673195
387.40435122   6.21202561   0.00064672   0.30452859 103.00673195
387.40435122   6.21202561   0.00064672   0.30480488 100.66777291
387.46229989   6.21202561   0.00064672   0.30480488 100.66777291
387.46229989   3.59292103   0.00081350   0.91210130 280.68271571
426.10461694   3.59292103   0.00081350   0.91210130 280.68271571
426.10461694   6.21202561   0.00064672   0.31540705  36.61905362
426.40461694   6.21202561   0.00064672   0.31540705  36.61905362
426.40461694   6.21202561   0.00064672   0.31546083  35.93615869
426.70461694   6.21202561   0.00064672   0.31546083  35.93615869
426.70461694   6.21202561   0.00064672   0.31551461  35.25326376
427.00461694   6.21202561   0.00064672   0.31551461  35.25326376
427.00461694   6.21202561   0.00064672   0.31556839  34.57036883
427.30461694   6.21202561   0.00064672   0.31556839  34.57036883
427.30461694   6.21202561   0.00064672   0.31562217  33.88747390
427.60461694   6.21202561   0.00064672   0.31562217  33.88747390
427.60461694   6.21202561   0.00064672   0.31567595  33.20457897
427.90461694   6.21202561   0.00064672   0.31567595  33.20457897
427.90461694   6.21202561   0.00064672   0.31572973  32.52168404
428.20461694   6.21202561   0.00064672   0.31572973  32.52168404
428.20461694   6.21202561   0.00064672   0.31578351  31.83878911
428.50461694   6.21202561   0.00064672   0.31578351  31.83878911
428.50461694   6.21202561   0.00064672   0.31583729  31.15589418
428.80461694   6.21202561   0.00064672   0.31583729  31.15589418
428.80461694   6.21202561   0.00064672   0.31589107  30.47299925
429.10461694   6.21202561   0.00064672   0.31589107  30.47299925
429.10461694   6.21202561   0.00064672   0.31594485  29.79010432
429.40461694   6.21202561   0.00064672   0.31594485  29.79010432
429.40461694   6.21202561   0.00064672   0.31599863  29.10720939
429.70461694   6.21202561   0.00064672   0.31599863  29.10720939
429.70461694   6.21202561   0.00064672   0.31605242  28.42431446
429.81034142   6.21202561   0.00064672   0.31605242  28.42431446
429.81034142   3.59292103   0.00081350   0.86510012 159.84204759
460.24194196   3.59292103   0.00081350   0.86510012 159.84204759
460.24194196   6.21202561   0.00064672   0.30326902 356.15505665
460.54194196   6.21202561   0.00064672   0.30326902 356.15505665
460.54194196   6.21202561   0.00064672   0.30287634 356.22133366
460.84194196   6.21202561   0.00064672   0.30287634 356.22133366
460.84194196   6.21202561   0.00064672   0.30248366 356.28761067
461.14194196   6.21202561   0.00064672   0.30248366 356.28761067
461.14194196   6.21202561   0.00064672   0.30209099 356.35388768
461.44194196   6.21202561   0.00064672   0.30209099 356.35388768
461.44194196   6.21202561   0.00064672   0.30169831 356.42016469
461.74194196   6.21202561   0.00064672   0.30169831 356.42016469
461.74194196   6.21202561   0.00064672   0.30130563 356.48644170
462.04194196   6.21202561   0.00064672   0.30130563 356.48644170
462.04194196   6.21202561   0.00064672   0.30091295 356.55271872
462.34194196   6.21202561   0.00064672   0.30091295 356.55271872
462.34194196   6.21202561   0.00064672   0.30052027 356.61899573
462.64194196   6.21202561   0.00064672   0.30052027 356.61899573
462.64194196   6.21202561   0.00064672   0.30012759 356.68527274
462.94194196   6.21202561   0.00064672   0.30012759 356.68527274
462.94194196   6.21202561   0.00064672   0.29973491 356.75154975
463.24194196   6.21202561   0.00064672   0.29973491 356.75154975
463.24194196   6.21202561   0.00064672   0.29934223 356.81782676
463.54194196   6.21202561   0.00064672   0.29934223 356.81782676
463.54194196   6.21202561   0.00064672   0.29894955 356.88410377
463.84194196   6.21202561   0.00064672   0.29894955 356.88410377
463.84194196   6.21202561   0.00064672   0.29855687 356.95038078
464.14194196   6.21202561   0.00064672   0.29855687 356.95038078
464.14194196   6.21202561   0.00064672   0.29816419 357.01665779
464.44194196   6.21202561   0.00064672   0.29816419 357.01665779
464.44194196   6.21202561   0.00064672   0.29777151 357.08293480
464.74194196   6.21202561   0.00064672   0.29777151 357.08293480
464.74194196   6.21202561   0.00064672   0.29737883 357.14921182
465.04194196   6.21202561   0.00064672   0.29737883 357.14921182
465.04194196   6.21202561   0.00064672   0.29698615 357.21548883
465.34194196   6.21202561   0.00064672   0.29698615 357.21548883
465.34194196   6.21202561   0.00064672   0.29659347 357.28176584
465.64194196   6.21202561   0.00064672   0.29659347 357.28176584
465.64194196   6.21202561   0.00064672   0.29620079 357.34804285
465.94194196   6.21202561   0.00064672   0.29620079 357.34804285
465.94194196   6.21202561   0.00064672   0.29580811 357.41431986
466.24194196   6.21202561   0.00064672   0.29580811 357.41431986
466.24194196   6.21202561   0.00064672   0.29541543 357.48059687
466.54194196   6.21202561   0.00064672   0.29541543 357.48059687
466.54194196   6.21202561   0.00064672   0.29502275 357.54687388
466.84194196   6.21202561   0.00064672   0.29502275 357.54687388
466.84194196   6.21202561   0.00064672   0.29463008 357.61315089
467.14194196   6.21202561   0.00064672   0.29463008 357.61315089
467.14194196   6.21202561   0.00064672   0.29423740 357.67942791
467.44194196   6.21202561   0.00064672   0.29423740 357.67942791
467.44194196   6.21202561   0.00064672   0.29384472 357.74570492
467.74194196   6.21202561   0.00064672   0.29384472 357.74570492
467.74194196   6.21202561   0.00064672   0.29345204 357.81198193
468.04194196   6.21202561   0.00064672   0.29345204 357.81198193
468.04194196   6.21202561   0.00064672   0.29305936 357.87825894
468.34194196   6.21202561   0.00064672   0.29305936 357.87825894
468.34194196   6.21202561   0.00064672   0.29266668 357.94453595
468.64194196   6.21202561   0.00064672   0.29266668 357.94453595
468.64194196   6.21202561   0.00064672   0.29227400 358.01081296
468.94194196   6.21202561   0.00064672   0.29227400 358.01081296
468.94194196   6.21202561   0.00064672   0.29188132 358.07708997
469.24194196   6.21202561   0.00064672   0.29188132 358.07708997
469.24194196   6.21202561   0.00064672   0.29148864 358.14336698
469.54194196   6.21202561   0.00064672   0.29148864 358.14336698
469.54194196   6.21202561   0.00064672   0.29109596 358.20964400
469.84194196   6.21202561   0.00064672   0.29109596 358.20964400
469.84194196   6.21202561   0.00064672   0.29070328 358.27592101
470.14194196   6.21202561   0.00064672   0.29070328 358.27592101
470.14194196   6.21202561   0.00064672   0.29031060 358.34219802
470.44194196   6.21202561   0.00064672   0.29031060 358.34219802
470.44194196   6.21202561   0.00064672   0.28991792 358.40847503
470.74194196   6.21202561   0.00064672   0.28991792 358.40847503
470.74194196   6.21202561   0.00064672   0.28952524 358.47475204
471.04194196   6.21202561   0.00064672   0.28952524 358.47475204
471.04194196   6.21202561   0.00064672   0.28913256 358.54102905
471.34194196   6.21202561   0.00064672   0.28913256 358.54102905
471.34194196   6.21202561   0.00064672   0.28873988 358.60730606
471.64194196   6.21202561   0.00064672   0.28873988 358.60730606
471.64194196   6.21202561   0.00064672   0.28834720 358.67358307
471.94194196   6.21202561   0.00064672   0.28834720 358.67358307
471.94194196   6.21202561   0.00064672   0.28795452 358.73986008
472.24194196   6.21202561   0.00064672   0.28795452 358.73986008
472.24194196   6.21202561   0.00064672   0.28756184 358.80613710
472.50389297   6.21202561   0.00064672   0.28756184 358.80613710
472.50389297   3.59292103   0.00081350   0.88905137 306.32203601
509.12228602   3.59292103   0.00081350   0.88905137 306.32203601
509.12228602   6.21202561   0.00064672   0.31802905 134.88941222
509.42228602   6.21202561   0.00064672   0.31802905 134.88941222
509.42228602   6.21202561   0.00064672   0.31791983 135.91661948
509.72228602   6.21202561   0.00064672   0.31791983 135.91661948
509.72228602   6.21202561   0.00064672   0.31781060 136.94382674
510.02228602   6.21202561   0.00064672   0.31781060 136.94382674
510.02228602   6.21202561   0.00064672   0.31770138 137.97103400
510.32228602   6.21202561   0.00064672   0.31770138 137.97103400
510.32228602   6.21202561   0.00064672   0.31759215 138.99824125
510.62228602   6.21202561   0.00064672   0.31759215 138.99824125
510.62228602   6.21202561   0.00064672   0.31748293 140.02544851
510.92228602   6.21202561   0.00064672   0.31748293 140.02544851
510.92228602   6.21202561   0.00064672   0.31737370 141.05265577
511.22228602   6.21202561   0.00064672   0.31737370 141.05265577
511.22228602   6.21202561   0.00064672   0.31726448 142.07986303
511.52228602   6.21202561   0.00064672   0.31726448 142.07986303
511.52228602   6.21202561   0.00064672   0.31715525 143.10707029
511.82228602   6.21202561   0.00064672   0.31715525 143.10707029
511.82228602   6.21202561   0.00064672   0.31704603 144.13427755
512.12228602   6.21202561   0.00064672   0.31704603 144.13427755
512.12228602   6.21202561   0.00064672   0.31693680 145.16148481
512.42228602   6.21202561   0.00064672   0.31693680 145.16148481
512.42228602   6.21202561   0.00064672   0.31682758 146.18869207
512.72228602   6.21202561   0.00064672   0.31682758 146.18869207
512.72228602   6.21202561   0.00064672   0.31671835 147.21589933
513.02228602   6.21202561   0.00064672   0.31671835 147.21589933
513.02228602   6.21202561   0.00064672   0.31660912 148.24310658
513.32228602   6.21202561   0.00064672   0.31660912 148.24310658
513.32228602   6.21202561   0.00064672   0.31649990 149.27031384
513.62228602   6.21202561   0.00064672   0.31649990 149.27031384
513.62228602   6.21202561   0.00064672   0.31639067 150.29752110
513.92228602   6.21202561   0.00064672   0.31639067 150.29752110
513.92228602   6.21202561   0.00064672   0.31628145 151.32472836
514.22228602   6.21202561   0.00064672   0.31628145 151.32472836
514.22228602   6.21202561   0.00064672   0.31617222 152.35193562
514.52228602   6.21202561   0.00064672   0.31617222 152.35193562
514.52228602   6.21202561   0.00064672   0.31606300 153.37914288
514.82228602   6.21202561   0.00064672   0.31606300 153.37914288
514.82228602   6.21202561   0.00064672   0.31595377 154.40635014
515.12228602   6.21202561   0.00064672   0.31595377 154.40635014
515.12228602   6.21202561   0.00064672   0.31584455 155.43355740
515.42228602   6.21202561   0.00064672   0.31584455 155.43355740
515.42228602   6.21202561   0.00064672   0.31573532 156.46076466
515.72228602   6.21202561   0.00064672   0.31573532 156.46076466
515.72228602   6.21202561   0.00064672   0.31562610 157.48797192
516.02228602   6.21202561   0.00064672   0.31562610 157.48797192
516.02228602   6.21202561   0.00064672   0.31551687 158.51517917
516.32228602   6.21202561   0.00064672   0.31551687 158.51517917
516.32228602   6.21202561   0.00064672   0.31540765 159.54238643
516.62228602   6.21202561   0.00064672   0.31540765 159.54238643
516.62228602   6.21202561   0.00064672   0.31529842 160.56959369
516.92228602   6.21202561   0.00064672   0.31529842 160.56959369
516.92228602   6.21202561   0.00064672   0.31518920 161.59680095
517.22228602   6.21202561   0.00064672   0.31518920 161.59680095
517.22228602   6.21202561   0.00064672   0.31507997 162.62400821
517.52228602   6.21202561   0.00064672   0.31507997 162.62400821
517.52228602   6.21202561   0.00064672   0.31497075 163.65121547
517.82228602   6.21202561   0.00064672   0.31497075 163.65121547
517.82228602   6.21202561   0.00064672   0.31486152 164.67842273
518.12228602   6.21202561   0.00064672   0.31486152 164.67842273
518.12228602   6.21202561   0.00064672   0.31475230 165.70562999
518.42228602   6.21202561   0.00064672   0.31475230 165.70562999
518.42228602   6.21202561   0.00064672   0.31464307 166.73283725
518.72228602   6.21202561   0.00064672   0.31464307 166.73283725
518.72228602   6.21202561   0.00064672   0.31453384 167.76004450
519.02228602   6.21202561   0.00064672   0.31453384 167.76004450
519.02228602   6.21202561   0.00064672   0.31442462 168.78725176
519.32228602   6.21202561   0.00064672   0.31442462 168.78725176
519.32228602   6.21202561   0.00064672   0.31431539 169.81445902
519.62228602   6.21202561   0.00064672   0.31431539 169.81445902
519.62228602   6.21202561   0.00064672   0.31420617 170.84166628
519.92228602   6.21202561   0.00064672   0.31420617 170.84166628
519.92228602   6.21202561   0.00064672   0.31409694 171.86887354
520.22228602   6.21202561   0.00064672   0.31409694 171.86887354
520.22228602   6.21202561   0.00064672   0.31398772 172.89608080
520.52228602   6.21202561   0.00064672   0.31398772 172.89608080
520.52228602   6.21202561   0.00064672   0.31387849 173.92328806
520.82228602   6.21202561   0.00064672   0.31387849 173.92328806
520.82228602   6.21202561   0.00064672   0.31376927 174.95049532
521.12228602   6.21202561   0.00064672   0.31376927 174.95049532
521.12228602   6.21202561   0.00064672   0.31366004 175.97770258
521.42228602   6.21202561   0.00064672   0.31366004 175.97770258
521.42228602   6.21202561   0.00064672   0.31355082 177.00490984
521.54438307   6.21202561   0.00064672   0.31355082 177.00490984
521.54438307   3.59292103   0.00081350   0.89316915 311.79915554
557.65300408   3.59292103   0.00081350   0.89316915 311.79915554
557.65300408   6.21202561   0.00064672   0.32384177 252.82334122
557.95300408   6.21202561   0.00064672   0.32384177 252.82334122
557.95300408   6.21202561   0.00064672   0.32369033 248.66760158
558.25300408   6.21202561   0.00064672   0.32369033 248.66760158
558.25300408   6.21202561   0.00064672   0.32353890 244.51186194
558.55300408   6.21202561   0.00064672   0.32353890 244.51186194
558.55300408   6.21202561   0.00064672   0.32338746 240.35612230
558.85300408   6.21202561   0.00064672   0.32338746 240.35612230
558.85300408   6.21202561   0.00064672   0.32323603 236.20038266
559.15300408   6.21202561   0.00064672   0.32323603 236.20038266
559.15300408   6.21202561   0.00064672   0.32308459 232.04464302
559.45300408   6.21202561   0.00064672   0.32308459 232.04464302
559.45300408   6.21202561   0.00064672   0.32293316 227.88890338
559.75300408   6.21202561   0.00064672   0.32293316 227.88890338
559.75300408   6.21202561   0.00064672   0.32278172 223.73316374
560.05300408   6.21202561   0.00064672   0.32278172 223.73316374
560.05300408   6.21202561   0.00064672   0.32263029 219.57742410
560.35300408   6.21202561   0.00064672   0.32263029 219.57742410
560.35300408   6.21202561   0.00064672   0.32247886 215.42168446
560.65300408   6.21202561   0.00064672   0.32247886 215.42168446
560.65300408   6.21202561   0.00064672   0.32232742 211.26594482
560.95300408   6.21202561   0.00064672   0.32232742 211.26594482
560.95300408   6.21202561   0.00064672   0.32217599 207.11020518
561.25300408   6.21202561   0.00064672   0.32217599 207.11020518
561.25300408   6.21202561   0.00064672   0.32202455 202.95446554
561.55300408   6.21202561   0.00064672   0.32202455 202.95446554
561.55300408   6.21202561   0.00064672   0.32187312 198.79872590
561.85300408   6.21202561   0.00064672   0.32187312 198.79872590
561.85300408   6.21202561   0.00064672   0.32172168 194.64298626
562.15300408   6.21202561   0.00064672   0.32172168 194.64298626
562.15300408   6.21202561   0.00064672   0.32157025 190.48724662
562.45300408   6.21202561   0.00064672   0.32157025 190.48724662
562.45300408   6.21202561   0.00064672   0.32141881 186.33150698
562.75300408   6.21202561   0.00064672   0.32141881 186.33150698
562.75300408   6.21202561   0.00064672   0.32126738 182.17576734
563.05300408   6.21202561   0.00064672   0.32126738 182.17576734
563.05300408   6.21202561   0.00064672   0.32111594 178.02002770
563.35300408   6.21202561   0.00064672   0.32111594 178.02002770
563.35300408   6.21202561   0.00064672   0.32096451 173.86428806
563.65300408   6.21202561   0.00064672   0.32096451 173.86428806
563.65300408   6.21202561   0.00064672   0.32081308 169.70854842
563.95300408   6.21202561   0.00064672   0.32081308 169.70854842
563.95300408   6.21202561   0.00064672   0.32066164 165.55280878
564.25300408   6.21202561   0.00064672   0.32066164 165.55280878
564.25300408   6.21202561   0.00064672   0.32051021 161.39706914
564.55300408   6.21202561   0.00064672   0.32051021 161.39706914
564.55300408   6.21202561   0.00064672   0.32035877 157.24132950
564.85300408   6.21202561   0.00064672   0.32035877 157.24132950
564.85300408   6.21202561   0.00064672   0.32020734 153.08558986
565.15300408   6.21202561   0.00064672   0.32020734 153.08558986
565.15300408   6.21202561   0.00064672   0.32005590 148.92985022
565.45300408   6.21202561   0.00064672   0.32005590 148.92985022
565.45300408   6.21202561   0.00064672   0.31990447 144.77411058
565.75300408   6.21202561   0.00064672   0.31990447 144.77411058
565.75300408   6.21202561   0.00064672   0.31975303 140.61837094
566.05300408   6.21202561   0.00064672   0.31975303 140.61837094
566.05300408   6.21202561   0.00064672   0.31960160 136.46263130
566.35300408   6.21202561   0.00064672   0.31960160 136.46263130
566.35300408   6.21202561   0.00064672   0.31945016 132.30689166
566.65300408   6.21202561   0.00064672   0.31945016 132.30689166
566.65300408   6.21202561   0.00064672   0.31929873 128.15115202
566.95300408   6.21202561   0.00064672   0.31929873 128.15115202
566.95300408   6.21202561   0.00064672   0.31914729 123.99541238
567.25300408   6.21202561   0.00064672   0.31914729 123.99541238
567.25300408   6.21202561   0.00064672   0.31899586 119.83967274
567.55300408   6.21202561   0.00064672   0.31899586 119.83967274
567.55300408   6.21202561   0.00064672   0.31884443 115.68393310
567.85300408   6.21202561   0.00064672   0.31884443 115.68393310
567.85300408   6.21202561   0.00064672   0.31869299 111.52819346
568.15300408   6.21202561   0.00064672   0.31869299 111.52819346
568.15300408   6.21202561   0.00064672   0.31854156 107.37245382
568.45300408   6.21202561   0.00064672   0.31854156 107.37245382
568.45300408   6.21202561   0.00064672   0.31839012 103.21671418
568.75300408   6.21202561   0.00064672   0.31839012 103.21671418
568.75300408   6.21202561   0.00064672   0.31823869  99.06097454
569.05300408   6.21202561   0.00064672   0.31823869  99.06097454
569.05300408   6.21202561   0.00064672   0.31808725  94.90523490
569.35300408   6.21202561   0.00064672   0.31808725  94.90523490
569.35300408   6.21202561   0.00064672   0.31793582  90.74949526
569.65300408   6.21202561   0.00064672   0.31793582  90.74949526
569.65300408   6.21202561   0.00064672   0.31778438  86.59375562
569.95300408   6.21202561   0.00064672   0.31778438  86.59375562
569.95300408   6.21202561   0.00064672   0.31763295  82.43801598
570.25300408   6.21202561   0.00064672   0.31763295  82.43801598
570.25300408   6.21202561   0.00064672   0.31748151  78.28227634
570.55300408   6.21202561   0.00064672   0.31748151  78.28227634
570.55300408   6.21202561   0.00064672   0.31733008  74.12653670
570.85300408   6.21202561   0.00064672   0.31733008  74.12653670
570.85300408   6.21202561   0.00064672   0.31717865  69.97079707
571.15300408   6.21202561   0.00064672   0.31717865  69.97079707
571.15300408   6.21202561   0.00064672   0.31702721  65.81505743
571.45300408   6.21202561   0.00064672   0.31702721  65.81505743
571.45300408   6.21202561   0.00064672   0.31687578  61.65931779
571.75300408   6.21202561   0.00064672   0.31687578  61.65931779
571.75300408   6.21202561   0.00064672   0.31672434  57.50357815
572.05300408   6.21202561   0.00064672   0.31672434  57.50357815
572.05300408   6.21202561   0.00064672   0.31657291  53.34783851
572.35300408   6.21202561   0.00064672   0.31657291  53.34783851
572.35300408   6.21202561   0.00064672   0.31642147  49.19209887
572.65300408   6.21202561   0.00064672   0.31642147  49.19209887
572.65300408   6.21202561   0.00064672   0.31627004  45.03635923
572.95300408   6.21202561   0.00064672   0.31627004  45.03635923
572.95300408   6.21202561   0.00064672   0.31611860  40.88061959
573.25300408   6.21202561   0.00064672   0.31611860  40.88061959
573.25300408   6.21202561   0.00064672   0.31596717  36.72487995
573.55300408   6.21202561   0.00064672   0.31596717  36.72487995
573.55300408   6.21202561   0.00064672   0.31581573  32.56914031
573.85300408   6.21202561   0.00064672   0.31581573  32.56914031
573.85300408   6.21202561   0.00064672   0.31566430  28.41340067
574.15300408   6.21202561   0.00064672   0.31566430  28.41340067
574.15300408   6.21202561   0.00064672   0.31551286  24.25766103
574.45300408   6.21202561   0.00064672   0.31551286  24.25766103
574.45300408   6.21202561   0.00064672   0.31536143  20.10192139
574.65754776   6.21202561   0.00064672   0.31536143  20.10192139
574.65754776   3.59292103   0.00081350   0.84219192 186.40170812
610.19198266   3.59292103   0.00081350   0.84219192 186.40170812
610.19198266   6.21202561   0.00064672   0.28465316 343.99398133
610.49198266   6.21202561   0.00064672   0.28465316 343.99398133
610.49198266   6.21202561   0.00064672   0.28465095 344.23781856
610.79198266   6.21202561   0.00064672   0.28465095 344.23781856
610.79198266   6.21202561   0.00064672   0.28464873 344.48165579
611.09198266   6.21202561   0.00064672   0.28464873 344.48165579
611.09198266   6.21202561   0.00064672   0.28464651 344.72549301
611.39198266   6.21202561   0.00064672   0.28464651 344.72549301
611.39198266   6.21202561   0.00064672   0.28464430 344.96933024
611.69198266   6.21202561   0.00064672   0.28464430 344.96933024
611.69198266   6.21202561   0.00064672   0.28464208 345.21316747
611.99198266   6.21202561   0.00064672   0.28464208 345.21316747
611.99198266   6.21202561   0.00064672   0.28463986 345.45700469
612.29198266   6.21202561   0.00064672   0.28463986 345.45700469
612.29198266   6.21202561   0.00064672   0.28463765 345.70084192
612.59198266   6.21202561   0.00064672   0.28463765 345.70084192
612.59198266   6.21202561   0.00064672   0.28463543 345.94467914
612.89198266   6.21202561   0.00064672   0.28463543 345.94467914
612.89198266   6.21202561   0.00064672   0.28463321 346.18851637
613.19198266   6.21202561   0.00064672   0.28463321 346.18851637
613.19198266   6.21202561   0.00064672   0.28463100 346.43235360
613.49198266   6.21202561   0.00064672   0.28463100 346.43235360
613.49198266   6.21202561   0.00064672   0.28462878 346.67619082
613.79198266   6.21202561   0.00064672   0.28462878 346.67619082
613.79198266   6.21202561   0.00064672   0.28462657 346.92002805
614.09198266   6.21202561   0.00064672   0.28462657 346.92002805
614.09198266   6.21202561   0.00064672   0.28462435 347.16386528
614.39198266   6.21202561   0.00064672   0.28462435 347.16386528
614.39198266   6.21202561   0.00064672   0.28462213 347.40770250
614.69198266   6.21202561   0.00064672   0.28462213 347.40770250
614.69198266   6.21202561   0.00064672   0.28461992 347.65153973
614.99198266   6.21202561   0.00064672   0.28461992 347.65153973
614.99198266   6.21202561   0.00064672   0.28461770 347.89537696
615.29198266   6.21202561   0.00064672   0.28461770 347.89537696
615.29198266   6.21202561   0.00064672   0.28461548 348.13921418
615.59198266   6.21202561   0.00064672   0.28461548 348.13921418
615.59198266   6.21202561   0.00064672   0.28461327 348.38305141
615.89198266   6.21202561   0.00064672   0.28461327 348.38305141
615.89198266   6.21202561   0.00064672   0.28461105 348.62688863
616.19198266   6.21202561   0.00064672   0.28461105 348.62688863
616.19198266   6.21202561   0.00064672   0.28460883 348.87072586
616.49198266   6.21202561   0.00064672   0.28460883 348.87072586
616.49198266   6.21202561   0.00064672   0.28460662 349.11456309
616.79198266   6.21202561   0.00064672   0.28460662 349.11456309
616.79198266   6.21202561   0.00064672   0.28460440 349.35840031
617.09198266   6.21202561   0.00064672   0.28460440 349.35840031
617.09198266   6.21202561   0.00064672   0.28460218 349.60223754
617.39198266   6.21202561   0.00064672   0.28460218 349.60223754
617.39198266   6.21202561   0.00064672   0.28459997 349.84607477
617.69198266   6.21202561   0.00064672   0.28459997 349.84607477
617.69198266   6.21202561   0.00064672   0.28459775 350.08991199
617.99198266   6.21202561   0.00064672   0.28459775 350.08991199
617.99198266   6.21202561   0.00064672   0.28459554 350.33374922
618.29198266   6.21202561   0.00064672   0.28459554 350.33374922
618.29198266   6.21202561   0.00064672   0.28459332 350.57758645
618.59198266   6.21202561   0.00064672   0.28459332 350.57758645
618.59198266   6.21202561   0.00064672   0.28459110 350.82142367
618.89198266   6.21202561   0.00064672   0.28459110 350.82142367
618.89198266   6.21202561   0.00064672   0.28458889 351.06526090
619.19198266   6.21202561   0.00064672   0.28458889 351.06526090
619.19198266   6.21202561   0.00064672   0.28458667 351.30909812
619.49198266   6.21202561   0.00064672   0.28458667 351.30909812
619.49198266   6.21202561   0.00064672   0.28458445 351.55293535
619.79198266   6.21202561   0.00064672   0.28458445 351.55293535
619.79198266   6.21202561   0.00064672   0.28458224 351.79677258
620.09198266   6.21202561   0.00064672   0.28458224 351.79677258
620.09198266   6.21202561   0.00064672   0.28458002 352.04060980
620.39198266   6.21202561   0.00064672   0.28458002 352.04060980
620.39198266   6.21202561   0.00064672   0.28457780 352.28444703
620.69198266   6.21202561   0.00064672   0.28457780 352.28444703
620.69198266   6.21202561   0.00064672   0.28457559 352.52828426
620.99198266   6.21202561   0.00064672   0.28457559 352.52828426
620.99198266   6.21202561   0.00064672   0.28457337 352.77212148
621.29198266   6.21202561   0.00064672   0.28457337 352.77212148
621.29198266   6.21202561   0.00064672   0.28457116 353.01595871
621.59198266   6.21202561   0.00064672   0.28457116 353.01595871
621.59198266   6.21202561   0.00064672   0.28456894 353.25979594
621.89198266   6.21202561   0.00064672   0.28456894 353.25979594
621.89198266   6.21202561   0.00064672   0.28456672 353.50363316
622.19198266   6.21202561   0.00064672   0.28456672 353.50363316
622.19198266   6.21202561   0.00064672   0.28456451 353.74747039
622.49198266   6.21202561   0.00064672   0.28456451 353.74747039
622.49198266   6.21202561   0.00064672   0.28456229 353.99130761
622.79198266   6.21202561   0.00064672   0.28456229 353.99130761
622.79198266   6.21202561   0.00064672   0.28456007 354.23514484
623.09198266   6.21202561   0.00064672   0.28456007 354.23514484
623.09198266   6.21202561   0.00064672   0.28455786 354.47898207
623.39198266   6.21202561   0.00064672   0.28455786 354.47898207
623.39198266   6.21202561   0.00064672   0.28455564 354.72281929
623.69198266   6.21202561   0.00064672   0.28455564 354.72281929
623.69198266   6.21202561   0.00064672   0.28455342 354.96665652
623.99198266   6.21202561   0.00064672   0.28455342 354.96665652
623.99198266   6.21202561   0.00064672   0.28455121 355.21049375
624.29198266   6.21202561   0.00064672   0.28455121 355.21049375
624.29198266   6.21202561   0.00064672   0.28454899 355.45433097
624.59198266   6.21202561   0.00064672   0.28454899 355.45433097
624.59198266   6.21202561   0.00064672   0.28454677 355.69816820
624.89198266   6.21202561   0.00064672   0.28454677 355.69816820
624.89198266   6.21202561   0.00064672   0.28454456 355.94200543
625.19198266   6.21202561   0.00064672   0.28454456 355.94200543
625.19198266   6.21202561   0.00064672   0.28454234 356.18584265
625.49198266   6.21202561   0.00064672   0.28454234 356.18584265
625.49198266   6.21202561   0.00064672   0.28454013 356.42967988
625.79198266   6.21202561   0.00064672   0.28454013 356.42967988
625.79198266   6.21202561   0.00064672   0.28453791 356.67351710
626.09198266   6.21202561   0.00064672   0.28453791 356.67351710
626.09198266   6.21202561   0.00064672   0.28453569 356.91735433
626.39198266   6.21202561   0.00064672   0.28453569 356.91735433
626.39198266   6.21202561   0.00064672   0.28453348 357.16119156
626.69198266   6.21202561   0.00064672   0.28453348 357.16119156
626.69198266   6.21202561   0.00064672   0.28453126 357.40502878
626.99198266   6.21202561   0.00064672   0.28453126 357.40502878
626.99198266   6.21202561   0.00064672   0.28452904 357.64886601
627.29198266   6.21202561   0.00064672   0.28452904 357.64886601
627.29198266   6.21202561   0.00064672   0.28452683 357.89270324
627.59198266   6.21202561   0.00064672   0.28452683 357.89270324
627.59198266   6.21202561   0.00064672   0.28452461 358.13654046
627.89198266   6.21202561   0.00064672   0.28452461 358.13654046
627.89198266   6.21202561   0.00064672   0.28452239 358.38037769
628.19198266   6.21202561   0.00064672   0.28452239 358.38037769
628.19198266   6.21202561   0.00064672   0.28452018 358.62421492
628.20459495   6.21202561   0.00064672   0.28452018 358.62421492
628.20459495   3.59292103   0.00081350   1.08068006 265.85035300
662.17184127   3.59292103   0.00081350   1.08068006 265.85035300
662.17184127   6.21202561   0.00064672   0.30211680 251.55377531
662.47184127   6.21202561   0.00064672   0.30211680 251.55377531
662.47184127   6.21202561   0.00064672   0.30232827 252.45183725
662.77184127   6.21202561   0.00064672   0.30232827 252.45183725
662.77184127   6.21202561   0.00064672   0.30253973 253.34989919
663.07184127   6.21202561   0.00064672   0.30253973 253.34989919
663.07184127   6.21202561   0.00064672   0.30275120 254.24796113
663.37184127   6.21202561   0.00064672   0.30275120 254.24796113
663.37184127   6.21202561   0.00064672   0.30296267 255.14602307
663.67184127   6.21202561   0.00064672   0.30296267 255.14602307
663.67184127   6.21202561   0.00064672   0.30317413 256.04408501
663.97184127   6.21202561   0.00064672   0.30317413 256.04408501
663.97184127   6.21202561   0.00064672   0.30338560 256.94214695
664.27184127   6.21202561   0.00064672   0.30338560 256.94214695
664.27184127   6.21202561   0.00064672   0.30359706 257.84020889
664.57184127   6.21202561   0.00064672   0.30359706 257.84020889
664.57184127   6.21202561   0.00064672   0.30380853 258.73827083
664.87184127   6.21202561   0.00064672   0.30380853 258.73827083
664.87184127   6.21202561   0.00064672   0.30401999 259.63633277
665.17184127   6.21202561   0.00064672   0.30401999 259.63633277
665.17184127   6.21202561   0.00064672   0.30423146 260.53439472
665.47184127   6.21202561   0.00064672   0.30423146 260.53439472
665.47184127   6.21202561   0.00064672   0.30444293 261.43245666
665.77184127   6.21202561   0.00064672   0.30444293 261.43245666
665.77184127   6.21202561   0.00064672   0.30465439 262.33051860
666.07184127   6.21202561   0.00064672   0.30465439 262.33051860
666.07184127   6.21202561   0.00064672   0.30486586 263.22858054
666.37184127   6.21202561   0.00064672   0.30486586 263.22858054
666.37184127   6.21202561   0.00064672   0.30507732 264.12664248
666.67184127   6.21202561   0.00064672   0.30507732 264.12664248
666.67184127   6.21202561   0.00064672   0.30528879 265.02470442
666.97184127   6.21202561   0.00064672   0.30528879 265.02470442
666.97184127   6.21202561   0.00064672   0.30550025 265.92276636
667.27184127   6.21202561   0.00064672   0.30550025 265.92276636
667.27184127   6.21202561   0.00064672   0.30571172 266.82082830
667.57184127   6.21202561   0.00064672   0.30571172 266.82082830
667.57184127   6.21202561   0.00064672   0.30592318 267.71889024
667.87184127   6.21202561   0.00064672   0.30592318 267.71889024
667.87184127   6.21202561   0.00064672   0.30613465 268.61695218
668.17184127   6.21202561   0.00064672   0.30613465 268.61695218
668.17184127   6.21202561   0.00064672   0.30634612 269.51501413
668.47184127   6.21202561   0.00064672   0.30634612 269.51501413
668.47184127   6.21202561   0.00064672   0.30655758 270.41307607
668.77184127   6.21202561   0.00064672   0.30655758 270.41307607
668.77184127   6.21202561   0.00064672   0.30676905 271.31113801
669.07184127   6.21202561   0.00064672   0.30676905 271.31113801
669.07184127   6.21202561   0.00064672   0.30698051 272.20919995
669.37184127   6.21202561   0.00064672   0.30698051 272.20919995
669.37184127   6.21202561   0.00064672   0.30719198 273.10726189
669.67184127   6.21202561   0.00064672   0.30719198 273.10726189
669.67184127   6.21202561   0.00064672   0.30740344 274.00532383
669.97184127   6.21202561   0.00064672   0.30740344 274.00532383
669.97184127   6.21202561   0.00064672   0.30761491 274.90338577
670.27184127   6.21202561   0.00064672   0.30761491 274.90338577
670.27184127   6.21202561   0.00064672   0.30782638 275.80144771
670.57184127   6.21202561   0.00064672   0.30782638 275.80144771
670.57184127   6.21202561   0.00064672   0.30803784 276.69950965
670.87184127   6.21202561   0.00064672   0.30803784 276.69950965
670.87184127   6.21202561   0.00064672   0.30824931 277.59757160
671.17184127   6.21202561   0.00064672   0.30824931 277.59757160
671.17184127   6.21202561   0.00064672   0.30846077 278.49563354
671.47184127   6.21202561   0.00064672   0.30846077 278.49563354
671.47184127   6.21202561   0.00064672   0.30867224 279.39369548
671.77184127   6.21202561   0.00064672   0.30867224 279.39369548
671.77184127   6.21202561   0.00064672   0.30888370 280.29175742
672.07184127   6.21202561   0.00064672   0.30888370 280.29175742
672.07184127   6.21202561   0.00064672   0.30909517 281.18981936
672.37184127   6.21202561   0.00064672   0.30909517 281.18981936
672.37184127   6.21202561   0.00064672   0.30930664 282.08788130
672.67184127   6.21202561   0.00064672   0.30930664 282.08788130
672.67184127   6.21202561   0.00064672   0.30951810 282.98594324
672.97184127   6.21202561   0.00064672   0.30951810 282.98594324
672.97184127   6.21202561   0.00064672   0.30972957 283.88400518
673.27184127   6.21202561   0.00064672   0.30972957 283.88400518
673.27184127   6.21202561   0.00064672   0.30994103 284.78206712
673.57184127   6.21202561   0.00064672   0.30994103 284.78206712
673.57184127   6.21202561   0.00064672   0.31015250 285.68012906
673.87184127   6.21202561   0.00064672   0.31015250 285.68012906
673.87184127   6.21202561   0.00064672   0.31036396 286.57819101
674.17184127   6.21202561   0.00064672   0.31036396 286.57819101
674.17184127   6.21202561   0.00064672   0.31057543 287.47625295
674.47184127   6.21202561   0.00064672   0.31057543 287.47625295
674.47184127   6.21202561   0.00064672   0.31078689 288.37431489
674.77184127   6.21202561   0.00064672   0.31078689 288.37431489
674.77184127   6.21202561   0.00064672   0.31099836 289.27237683
675.07184127   6.21202561   0.00064672   0.31099836 289.27237683
675.07184127   6.21202561   0.00064672   0.31120983 290.17043877
675.37184127   6.21202561   0.00064672   0.31120983 290.17043877
675.37184127   6.21202561   0.00064672   0.31142129 291.06850071
675.67184127   6.21202561   0.00064672   0.31142129 291.06850071
675.67184127   6.21202561   0.00064672   0.31163276 291.96656265
675.97184127   6.21202561   0.00064672   0.31163276 291.96656265
675.97184127   6.21202561   0.00064672   0.31184422 292.86462459
676.27184127   6.21202561   0.00064672   0.31184422 292.86462459
676.27184127   6.21202561   0.00064672   0.31205569 293.76268653
676.57184127   6.21202561   0.00064672   0.31205569 293.76268653
676.57184127   6.21202561   0.00064672   0.31226715 294.66074847
676.87184127   6.21202561   0.00064672   0.31226715 294.66074847
676.87184127   6.21202561   0.00064672   0.31247862 295.55881042
677.17184127   6.21202561   0.00064672   0.31247862 295.55881042
677.17184127   6.21202561   0.00064672   0.31269009 296.45687236
677.47184127   6.21202561   0.00064672   0.31269009 296.45687236
677.47184127   6.21202561   0.00064672   0.31290155 297.35493430
677.77184127   6.21202561   0.00064672   0.31290155 297.35493430
677.77184127   6.21202561   0.00064672   0.31311302 298.25299624
678.07184127   6.21202561   0.00064672   0.31311302 298.25299624
678.07184127   6.21202561   0.00064672   0.31332448 299.15105818
678.37184127   6.21202561   0.00064672   0.31332448 299.15105818
678.37184127   6.21202561   0.00064672   0.31353595 300.04912012
678.66537842   6.21202561   0.00064672   0.31353595 300.04912012
678.66537842   0.00000000   0.00000000   0.00000000 300.04912012
688.66537842   0.00000000   0.00000000   0.00000000 300.04912012
