#     thickness (A)        interface (A)       rho (1e-6/A^2)      irho (1e-6/A^2)      rhoM (1e-6/A^2)      theta (degrees)
                   0     9.80065180267765     3.53290777610646 0.000343757537218438                    0      267.59892809583
    35.7595142777934     1.20666394320201     3.59292103277425 0.000813497166128334      1.0662682234799      267.59892809583
   0.299999999999997                    0     6.21202560583667 0.000646722114708929    0.285335783777323     275.952209325627
   0.299999999999997                    0     6.21202560583667 0.000646722114708929    0.286408968786877     275.585556475713
   0.299999999999997                    0     6.21202560583667 0.000646722114708929    0.287482153796431     275.218903625799
   0.299999999999997                    0     6.21202560583667 0.000646722114708929    0.288555338805985     274.852250775885
   0.299999999999997                    0     6.21202560583667 0.000646722114708929    0.289628523815539     274.485597925971
   0.299999999999997                    0     6.21202560583667 0.000646722114708929    0.290701708825093     274.118945076058
   0.299999999999997                    0     6.21202560583667 0.000646722114708929    0.291774893834647     273.752292226144
   0.299999999999997                    0     6.21202560583667 0.000646722114708929    0.292848078844201      273.38563937623
   0.299999999999997                    0     6.21202560583667 0.000646722114708929    0.293921263853755     273.018986526316
   0.299999999999997                    0     6.21202560583667 0.000646722114708929    0.294994448863309     272.652333676402
   0.299999999999997                    0     6.21202560583667 0.000646722114708929    0.296067633872863     272.285680826488
   0.299999999999997                    0     6.21202560583667 0.000646722114708929    0.297140818882417     271.919027976574
   0.299999999999997                    0     6.21202560583667 0.000646722114708929    0.298214003891971      271.55237512666
   0.299999999999997                    0     6.21202560583667 0.000646722114708929    0.299287188901525     271.185722276746
   0.299999999999997                    0     6.21202560583667 0.000646722114708929    0.300360373911079     270.819069426832
   0.299999999999997                    0     6.21202560583667 0.000646722114708929    0.301433558920633     270.452416576918
   0.299999999999997                    0     6.21202560583667 0.000646722114708929    0.302506743930187     270.085763727004
   0.299999999999997                    0     6.21202560583667 0.000646722114708929    0.303579928939741      269.71911087709
   0.299999999999997                    0     6.21202560583667 0.000646722114708929    0.304653113949295     269.352458027176
   0.299999999999997                    0     6.21202560583667 0.000646722114708929    0.305726298958849     268.985805177262
   0.299999999999997                    0     6.21202560583667 0.000646722114708929    0.306799483968403     268.619152327349
   0.299999999999997                    0     6.21202560583667 0.000646722114708929    0.307872668977957     268.252499477435
   0.299999999999997                    0     6.21202560583667 0.000646722114708929    0.308945853987511     267.885846627521
   0.299999999999997                    0     6.21202560583667 0.000646722114708929    0.310019038997065     267.519193777607
   0.299999999999997                    0     6.21202560583667 0.000646722114708929    0.311092224006619     267.152540927693
   0.299999999999997                    0     6.21202560583667 0.000646722114708929    0.312165409016173     266.785888077779
   0.299999999999997                    0     6.21202560583667 0.000646722114708929    0.313238594025727     266.419235227865
   0.158081696968779     9.97179205067481     6.21202560583667 0.000646722114708929    0.314311779035281     266.052582377951
    32.7831540257952     9.62061444680657     3.59292103277425 0.000813497166128334       1.125507646181     271.082970861112
   0.299999999999969                    0     6.21202560583667 0.000646722114708929     0.31253007724217     283.014765554914
   0.299999999999997                    0     6.21202560583667 0.000646722114708929    0.312325297526625     282.693856591452
   0.299999999999997                    0     6.21202560583667 0.000646722114708929     0.31212051781108     282.372947627989
   0.299999999999997                    0     6.21202560583667 0.000646722114708929    0.311915738095536     282.052038664527
   0.299999999999997                    0     6.21202560583667 0.000646722114708929    0.311710958379991     281.731129701065
   0.299999999999997                    0     6.21202560583667 0.000646722114708929    0.311506178664446     281.410220737602
   0.299999999999997                    0     6.21202560583667 0.000646722114708929    0.311301398948901      281.08931177414
   0.299999999999997                    0     6.21202560583667 0.000646722114708929    0.311096619233357     280.768402810677
   0.299999999999997                    0     6.21202560583667 0.000646722114708929    0.310891839517812     280.447493847215
   0.299999999999997                    0     6.21202560583667 0.000646722114708929    0.310687059802267     280.126584883753
   0.299999999999997                    0     6.21202560583667 0.000646722114708929    0.310482280086722      279.80567592029
   0.299999999999997                    0     6.21202560583667 0.000646722114708929    0.310277500371177     279.484766956828
   0.299999999999997                    0     6.21202560583667 0.000646722114708929    0.310072720655633     279.163857993365
   0.299999999999997                    0     6.21202560583667 0.000646722114708929    0.309867940940088     278.842949029903
   0.299999999999997                    0     6.21202560583667 0.000646722114708929    0.309663161224543     278.522040066441
   0.299999999999997                    0     6.21202560583667 0.000646722114708929    0.309458381508998     278.201131102978
   0.299999999999997                    0     6.21202560583667 0.000646722114708929    0.309253601793453     277.880222139516
   0.299999999999997                    0     6.21202560583667 0.000646722114708929    0.309048822077909     277.559313176054
   0.299999999999997                    0     6.21202560583667 0.000646722114708929    0.308844042362364     277.238404212591
   0.299999999999997                    0     6.21202560583667 0.000646722114708929    0.308639262646819     276.917495249129
   0.299999999999997                    0     6.21202560583667 0.000646722114708929    0.308434482931274     276.596586285666
   0.299999999999997                    0     6.21202560583667 0.000646722114708929    0.308229703215729     276.275677322204
   0.299999999999997                    0     6.21202560583667 0.000646722114708929    0.308024923500185     275.954768358742
   0.299999999999997                    0     6.21202560583667 0.000646722114708929     0.30782014378464     275.633859395279
   0.299999999999997                    0     6.21202560583667 0.000646722114708929    0.307615364069095     275.312950431817
   0.299999999999997                    0     6.21202560583667 0.000646722114708929     0.30741058435355     274.992041468355
   0.299999999999997                    0     6.21202560583667 0.000646722114708929    0.307205804638005     274.671132504892
   0.299999999999997                    0     6.21202560583667 0.000646722114708929    0.307001024922461      274.35022354143
   0.299999999999997                    0     6.21202560583667 0.000646722114708929    0.306796245206916     274.029314577967
   0.299999999999997                    0     6.21202560583667 0.000646722114708929    0.306591465491371     273.708405614505
   0.299999999999997                    0     6.21202560583667 0.000646722114708929    0.306386685775826     273.387496651043
   0.299999999999997                    0     6.21202560583667 0.000646722114708929    0.306181906060281      273.06658768758
   0.299999999999997                    0     6.21202560583667 0.000646722114708929    0.305977126344737     272.745678724118
   0.299999999999997                    0     6.21202560583667 0.000646722114708929    0.305772346629192     272.424769760655
   0.299999999999997                    0     6.21202560583667 0.000646722114708929    0.305567566913647     272.103860797193
   0.299999999999997                    0     6.21202560583667 0.000646722114708929    0.305362787198102     271.782951833731
   0.299999999999997                    0     6.21202560583667 0.000646722114708929    0.305158007482558     271.462042870268
   0.299999999999997                    0     6.21202560583667 0.000646722114708929    0.304953227767013     271.141133906806
   0.299999999999997                    0     6.21202560583667 0.000646722114708929    0.304748448051468     270.820224943344
   0.299999999999997                    0     6.21202560583667 0.000646722114708929    0.304543668335923     270.499315979881
   0.299999999999997                    0     6.21202560583667 0.000646722114708929    0.304338888620378     270.178407016419
   0.299999999999997                    0     6.21202560583667 0.000646722114708929    0.304134108904834     269.857498052956
   0.299999999999997                    0     6.21202560583667 0.000646722114708929    0.303929329189289     269.536589089494
   0.299999999999997                    0     6.21202560583667 0.000646722114708929    0.303724549473744     269.215680126032
   0.299999999999997                    0     6.21202560583667 0.000646722114708929    0.303519769758199     268.894771162569
   0.299999999999997                    0     6.21202560583667 0.000646722114708929    0.303314990042654     268.573862199107
   0.299999999999997                    0     6.21202560583667 0.000646722114708929     0.30311021032711     268.252953235644
   0.299999999999997                    0     6.21202560583667 0.000646722114708929    0.302905430611565     267.932044272182
   0.204773898396994     3.76254761760813     6.21202560583667 0.000646722114708929     0.30270065089602      267.61113530872
    39.6493026496489     2.12896959664317     3.59292103277425 0.000813497166128334     1.01541735102662     271.192135797382
   0.299999999999926                    0     6.21202560583667 0.000646722114708929    0.292935175429238     51.1457263322374
   0.300000000000011                    0     6.21202560583667 0.000646722114708929    0.293019952514476      58.172114160699
   0.300000000000011                    0     6.21202560583667 0.000646722114708929    0.293104729599714     65.1985019891605
   0.300000000000011                    0     6.21202560583667 0.000646722114708929    0.293189506684952     72.2248898176221
   0.300000000000011                    0     6.21202560583667 0.000646722114708929    0.293274283770191     79.2512776460836
   0.300000000000011                    0     6.21202560583667 0.000646722114708929    0.293359060855429     86.2776654745452
   0.300000000000011                    0     6.21202560583667 0.000646722114708929    0.293443837940667     93.3040533030067
   0.300000000000011                    0     6.21202560583667 0.000646722114708929    0.293528615025905     100.330441131468
   0.300000000000011                    0     6.21202560583667 0.000646722114708929    0.293613392111143      107.35682895993
   0.300000000000011                    0     6.21202560583667 0.000646722114708929    0.293698169196381     114.383216788391
   0.300000000000011                    0     6.21202560583667 0.000646722114708929    0.293782946281619     121.409604616853
   0.300000000000011                    0     6.21202560583667 0.000646722114708929    0.293867723366857     128.435992445314
   0.300000000000011                    0     6.21202560583667 0.000646722114708929    0.293952500452096     135.462380273776
   0.300000000000011                    0     6.21202560583667 0.000646722114708929    0.294037277537334     142.488768102238
   0.300000000000011                    0     6.21202560583667 0.000646722114708929    0.294122054622572     149.515155930699
   0.300000000000011                    0     6.21202560583667 0.000646722114708929     0.29420683170781     156.541543759161
   0.300000000000011                    0     6.21202560583667 0.000646722114708929    0.294291608793048     163.567931587622
   0.300000000000011                    0     6.21202560583667 0.000646722114708929    0.294376385878286     170.594319416084
   0.300000000000011                    0     6.21202560583667 0.000646722114708929    0.294461162963524     177.620707244545
   0.300000000000011                    0     6.21202560583667 0.000646722114708929    0.294545940048763     184.647095073007
   0.300000000000011                    0     6.21202560583667 0.000646722114708929    0.294630717134001     191.673482901468
   0.300000000000011                    0     6.21202560583667 0.000646722114708929    0.294715494219239      198.69987072993
   0.300000000000011                    0     6.21202560583667 0.000646722114708929    0.294800271304477     205.726258558392
   0.300000000000011                    0     6.21202560583667 0.000646722114708929    0.294885048389715     212.752646386853
   0.300000000000011                    0     6.21202560583667 0.000646722114708929    0.294969825474953     219.779034215315
   0.300000000000011                    0     6.21202560583667 0.000646722114708929    0.295054602560191     226.805422043776
   0.300000000000011                    0     6.21202560583667 0.000646722114708929    0.295139379645429     233.831809872238
   0.300000000000011                    0     6.21202560583667 0.000646722114708929    0.295224156730668     240.858197700699
   0.300000000000011                    0     6.21202560583667 0.000646722114708929    0.295308933815906     247.884585529161
   0.300000000000011                    0     6.21202560583667 0.000646722114708929    0.295393710901144     254.910973357622
   0.300000000000011                    0     6.21202560583667 0.000646722114708929    0.295478487986382     261.937361186084
   0.300000000000011                    0     6.21202560583667 0.000646722114708929     0.29556326507162     268.963749014545
   0.300000000000011                    0     6.21202560583667 0.000646722114708929    0.295648042156858     275.990136843007
   0.300000000000011                    0     6.21202560583667 0.000646722114708929    0.295732819242096     283.016524671469
   0.300000000000011                    0     6.21202560583667 0.000646722114708929    0.295817596327334      290.04291249993
   0.300000000000011                    0     6.21202560583667 0.000646722114708929    0.295902373412573     297.069300328392
   0.300000000000011                    0     6.21202560583667 0.000646722114708929    0.295987150497811     304.095688156853
   0.300000000000011                    0     6.21202560583667 0.000646722114708929    0.296071927583049     311.122075985315
   0.300000000000011                    0     6.21202560583667 0.000646722114708929    0.296156704668287     318.148463813776
   0.223983088074391     2.95903644945773     6.21202560583667 0.000646722114708929    0.296241481753525     325.174851642238
    39.5535248320853     2.25591719350186     3.59292103277425 0.000813497166128334    0.931631504125583     263.281723459127
   0.300000000000153                    0     6.21202560583667 0.000646722114708929    0.284782593970517      354.46555819533
   0.300000000000011                    0     6.21202560583667 0.000646722114708929     0.28477773470569     353.957246252174
   0.300000000000011                    0     6.21202560583667 0.000646722114708929    0.284772875440862     353.448934309017
   0.300000000000011                    0     6.21202560583667 0.000646722114708929    0.284768016176035      352.94062236586
   0.300000000000011                    0     6.21202560583667 0.000646722114708929    0.284763156911208     352.432310422704
   0.300000000000011                    0     6.21202560583667 0.000646722114708929     0.28475829764638     351.923998479547
   0.300000000000011                    0     6.21202560583667 0.000646722114708929    0.284753438381553      351.41568653639
   0.300000000000011                    0     6.21202560583667 0.000646722114708929    0.284748579116726     350.907374593234
   0.300000000000011                    0     6.21202560583667 0.000646722114708929    0.284743719851899     350.399062650077
   0.300000000000011                    0     6.21202560583667 0.000646722114708929    0.284738860587071      349.89075070692
   0.300000000000011                    0     6.21202560583667 0.000646722114708929    0.284734001322244     349.382438763763
   0.300000000000011                    0     6.21202560583667 0.000646722114708929    0.284729142057417     348.874126820607
   0.300000000000011                    0     6.21202560583667 0.000646722114708929    0.284724282792589      348.36581487745
   0.300000000000011                    0     6.21202560583667 0.000646722114708929    0.284719423527762     347.857502934293
   0.300000000000011                    0     6.21202560583667 0.000646722114708929    0.284714564262935     347.349190991137
   0.300000000000011                    0     6.21202560583667 0.000646722114708929    0.284709704998107      346.84087904798
   0.300000000000011                    0     6.21202560583667 0.000646722114708929     0.28470484573328     346.332567104823
   0.300000000000011                    0     6.21202560583667 0.000646722114708929    0.284699986468453     345.824255161667
   0.300000000000011                    0     6.21202560583667 0.000646722114708929    0.284695127203626      345.31594321851
   0.300000000000011                    0     6.21202560583667 0.000646722114708929    0.284690267938798     344.807631275353
   0.300000000000011                    0     6.21202560583667 0.000646722114708929    0.284685408673971     344.299319332196
   0.300000000000011                    0     6.21202560583667 0.000646722114708929    0.284680549409144      343.79100738904
   0.300000000000011                    0     6.21202560583667 0.000646722114708929    0.284675690144316     343.282695445883
   0.300000000000011                    0     6.21202560583667 0.000646722114708929    0.284670830879489     342.774383502726
   0.300000000000011                    0     6.21202560583667 0.000646722114708929    0.284665971614662      342.26607155957
   0.300000000000011                    0     6.21202560583667 0.000646722114708929    0.284661112349834     341.757759616413
   0.300000000000011                    0     6.21202560583667 0.000646722114708929    0.284656253085007     341.249447673256
   0.300000000000011                    0     6.21202560583667 0.000646722114708929     0.28465139382018       340.7411357301
   0.300000000000011                    0     6.21202560583667 0.000646722114708929    0.284646534555353     340.232823786943
   0.300000000000011                    0     6.21202560583667 0.000646722114708929    0.284641675290525     339.724511843786
   0.300000000000011                    0     6.21202560583667 0.000646722114708929    0.284636816025698     339.216199900629
   0.300000000000011                    0     6.21202560583667 0.000646722114708929    0.284631956760871     338.707887957473
   0.300000000000011                    0     6.21202560583667 0.000646722114708929    0.284627097496043     338.199576014316
   0.300000000000011                    0     6.21202560583667 0.000646722114708929    0.284622238231216     337.691264071159
   0.300000000000011                    0     6.21202560583667 0.000646722114708929    0.284617378966389     337.182952128003
   0.300000000000011                    0     6.21202560583667 0.000646722114708929    0.284612519701562     336.674640184846
   0.300000000000011                    0     6.21202560583667 0.000646722114708929    0.284607660436734     336.166328241689
   0.300000000000011                    0     6.21202560583667 0.000646722114708929    0.284602801171907     335.658016298533
   0.300000000000011                    0     6.21202560583667 0.000646722114708929     0.28459794190708     335.149704355376
   0.300000000000011                    0     6.21202560583667 0.000646722114708929    0.284593082642252     334.641392412219
   0.300000000000011                    0     6.21202560583667 0.000646722114708929    0.284588223377425     334.133080469062
   0.300000000000011                    0     6.21202560583667 0.000646722114708929    0.284583364112598     333.624768525906
   0.300000000000011                    0     6.21202560583667 0.000646722114708929     0.28457850484777     333.116456582749
   0.300000000000011                    0     6.21202560583667 0.000646722114708929    0.284573645582943     332.608144639592
   0.300000000000011                    0     6.21202560583667 0.000646722114708929    0.284568786318116     332.099832696436
   0.300000000000011                    0     6.21202560583667 0.000646722114708929    0.284563927053289     331.591520753279
   0.300000000000011                    0     6.21202560583667 0.000646722114708929    0.284559067788461     331.083208810122
   0.300000000000011                    0     6.21202560583667 0.000646722114708929    0.284554208523634     330.574896866966
   0.300000000000011                    0     6.21202560583667 0.000646722114708929    0.284549349258807     330.066584923809
  0.0703668774022503     8.87850460276092     6.21202560583667 0.000646722114708929    0.284544489993979     329.558272980652
      30.04865885214     2.28124394305562     3.59292103277425 0.000813497166128334     0.96738310590197     263.965222229421
   0.300000000000381                    0     6.21202560583667 0.000646722114708929    0.283891446122561      42.488127885594
   0.300000000000011                    0     6.21202560583667 0.000646722114708929    0.284548670258321     43.5873079913183
   0.300000000000011                    0     6.21202560583667 0.000646722114708929     0.28520589439408     44.6864880970425
   0.300000000000011                    0     6.21202560583667 0.000646722114708929     0.28586311852984     45.7856682027668
   0.300000000000011                    0     6.21202560583667 0.000646722114708929      0.2865203426656      46.884848308491
   0.300000000000011                    0     6.21202560583667 0.000646722114708929     0.28717756680136     47.9840284142153
   0.300000000000011                    0     6.21202560583667 0.000646722114708929    0.287834790937119     49.0832085199395
   0.300000000000011                    0     6.21202560583667 0.000646722114708929    0.288492015072879     50.1823886256638
   0.300000000000011                    0     6.21202560583667 0.000646722114708929    0.289149239208639      51.281568731388
   0.300000000000011                    0     6.21202560583667 0.000646722114708929    0.289806463344399     52.3807488371123
   0.300000000000011                    0     6.21202560583667 0.000646722114708929    0.290463687480158     53.4799289428366
   0.300000000000011                    0     6.21202560583667 0.000646722114708929    0.291120911615918     54.5791090485608
   0.300000000000011                    0     6.21202560583667 0.000646722114708929    0.291778135751678     55.6782891542851
   0.300000000000011                    0     6.21202560583667 0.000646722114708929    0.292435359887438     56.7774692600093
   0.300000000000011                    0     6.21202560583667 0.000646722114708929    0.293092584023198     57.8766493657336
   0.300000000000011                    0     6.21202560583667 0.000646722114708929    0.293749808158957     58.9758294714578
   0.300000000000011                    0     6.21202560583667 0.000646722114708929    0.294407032294717     60.0750095771821
   0.300000000000011                    0     6.21202560583667 0.000646722114708929    0.295064256430477     61.1741896829063
   0.300000000000011                    0     6.21202560583667 0.000646722114708929    0.295721480566237     62.2733697886306
   0.300000000000011                    0     6.21202560583667 0.000646722114708929    0.296378704701996     63.3725498943549
   0.300000000000011                    0     6.21202560583667 0.000646722114708929    0.297035928837756     64.4717300000791
   0.300000000000011                    0     6.21202560583667 0.000646722114708929    0.297693152973516     65.5709101058034
   0.300000000000011                    0     6.21202560583667 0.000646722114708929    0.298350377109276     66.6700902115276
   0.300000000000011                    0     6.21202560583667 0.000646722114708929    0.299007601245036     67.7692703172519
   0.300000000000011                    0     6.21202560583667 0.000646722114708929    0.299664825380795     68.8684504229761
   0.300000000000011                    0     6.21202560583667 0.000646722114708929    0.300322049516555     69.9676305287004
   0.300000000000011                    0     6.21202560583667 0.000646722114708929    0.300979273652315     71.0668106344246
   0.300000000000011                    0     6.21202560583667 0.000646722114708929    0.301636497788075     72.1659907401489
   0.300000000000011                    0     6.21202560583667 0.000646722114708929    0.302293721923834     73.2651708458732
   0.300000000000011                    0     6.21202560583667 0.000646722114708929    0.302950946059594     74.3643509515974
   0.300000000000011                    0     6.21202560583667 0.000646722114708929    0.303608170195354     75.4635310573217
   0.300000000000011                    0     6.21202560583667 0.000646722114708929    0.304265394331114     76.5627111630459
   0.300000000000011                    0     6.21202560583667 0.000646722114708929    0.304922618466874     77.6618912687702
   0.300000000000011                    0     6.21202560583667 0.000646722114708929    0.305579842602633     78.7610713744944
   0.300000000000011                    0     6.21202560583667 0.000646722114708929    0.306237066738393     79.8602514802187
   0.300000000000011                    0     6.21202560583667 0.000646722114708929    0.306894290874153      80.959431585943
   0.300000000000011                    0     6.21202560583667 0.000646722114708929    0.307551515009913     82.0586116916672
   0.300000000000011                    0     6.21202560583667 0.000646722114708929    0.308208739145672     83.1577917973915
   0.300000000000011                    0     6.21202560583667 0.000646722114708929    0.308865963281432     84.2569719031157
   0.300000000000011                    0     6.21202560583667 0.000646722114708929    0.309523187417192       85.35615200884
   0.300000000000011                    0     6.21202560583667 0.000646722114708929    0.310180411552952     86.4553321145642
   0.217709455327252     1.67689307198431     6.21202560583667 0.000646722114708929    0.310837635688711     87.5545122202885
    36.5890045375929     2.30663340793275     3.59292103277425 0.000813497166128334    0.907770424268881     256.592594033645
   0.300000000000637                    0     6.21202560583667 0.000646722114708929    0.304453203921444     144.335123707753
   0.300000000000011                    0     6.21202560583667 0.000646722114708929     0.30053574737567     146.563613594348
   0.300000000000011                    0     6.21202560583667 0.000646722114708929    0.296618290829897     148.792103480944
   0.300000000000011                    0     6.21202560583667 0.000646722114708929    0.292700834284124     151.020593367539
   0.300000000000011                    0     6.21202560583667 0.000646722114708929     0.28878337773835     153.249083254135
   0.135252573152968      1.9315775020483     6.21202560583667 0.000646722114708929    0.284865921192577     155.477573140731
    32.6421557156933     1.66654907830111     3.59292103277425 0.000813497166128334    0.934955993222843     291.253043795209
   0.300000000000637                    0     6.21202560583667 0.000646722114708929      0.3157882277371     282.421907533084
   0.300000000000011                    0     6.21202560583667 0.000646722114708929    0.312528457754502     287.585278347614
   0.300000000000011                    0     6.21202560583667 0.000646722114708929    0.309268687771903     292.748649162144
   0.300000000000011                    0     6.21202560583667 0.000646722114708929    0.306008917789305     297.912019976673
   0.300000000000011                    0     6.21202560583667 0.000646722114708929    0.302749147806706     303.075390791203
   0.300000000000011                    0     6.21202560583667 0.000646722114708929    0.299489377824108     308.238761605733
   0.300000000000011                    0     6.21202560583667 0.000646722114708929    0.296229607841509     313.402132420263
   0.300000000000011                    0     6.21202560583667 0.000646722114708929    0.292969837858911     318.565503234793
   0.151353709727289     9.98527583999272     6.21202560583667 0.000646722114708929    0.289710067876312     323.728874049322
    26.8762266468468     8.22858106498748     3.59292103277425 0.000813497166128334    0.886967008276204      155.45234657352
   0.300000000000693                    0     6.21202560583667 0.000646722114708929    0.286006296593818     292.502258890526
   0.300000000000011                    0     6.21202560583667 0.000646722114708929     0.28599680284707     296.557519622639
   0.300000000000011                    0     6.21202560583667 0.000646722114708929    0.285987309100323     300.612780354751
   0.300000000000011                    0     6.21202560583667 0.000646722114708929    0.285977815353575     304.668041086864
   0.300000000000011                    0     6.21202560583667 0.000646722114708929    0.285968321606827     308.723301818977
   0.300000000000011                    0     6.21202560583667 0.000646722114708929     0.28595882786008     312.778562551089
   0.300000000000011                    0     6.21202560583667 0.000646722114708929    0.285949334113332     316.833823283202
   0.300000000000011                    0     6.21202560583667 0.000646722114708929    0.285939840366584     320.889084015314
   0.300000000000011                    0     6.21202560583667 0.000646722114708929    0.285930346619836     324.944344747427
   0.300000000000011                    0     6.21202560583667 0.000646722114708929    0.285920852873089      328.99960547954
   0.300000000000011                    0     6.21202560583667 0.000646722114708929    0.285911359126341     333.054866211652
   0.300000000000011                    0     6.21202560583667 0.000646722114708929    0.285901865379593     337.110126943765
   0.300000000000011                    0     6.21202560583667 0.000646722114708929    0.285892371632846     341.165387675877
   0.300000000000011                    0     6.21202560583667 0.000646722114708929    0.285882877886098      345.22064840799
   0.189262419154375     2.10387358173788     6.21202560583667 0.000646722114708929     0.28587338413935     349.275909140102
    37.1520259608374     8.85517731281551     3.59292103277425 0.000813497166128334     1.01848466355815     277.309581216374
    0.30000000000075                    0     6.21202560583667 0.000646722114708929    0.299555232100281     145.107994731187
   0.300000000000011                    0     6.21202560583667 0.000646722114708929    0.299831529493524     142.769035687874
   0.300000000000011                    0     6.21202560583667 0.000646722114708929    0.300107826886766     140.430076644561
   0.300000000000011                    0     6.21202560583667 0.000646722114708929    0.300384124280009     138.091117601249
   0.300000000000011                    0     6.21202560583667 0.000646722114708929    0.300660421673251     135.752158557936
   0.300000000000011                    0     6.21202560583667 0.000646722114708929    0.300936719066494     133.413199514623
   0.300000000000011                    0     6.21202560583667 0.000646722114708929    0.301213016459736      131.07424047131
   0.300000000000011                    0     6.21202560583667 0.000646722114708929    0.301489313852979     128.735281427998
   0.300000000000011                    0     6.21202560583667 0.000646722114708929    0.301765611246221     126.396322384685
   0.300000000000011                    0     6.21202560583667 0.000646722114708929    0.302041908639464     124.057363341372
   0.300000000000011                    0     6.21202560583667 0.000646722114708929    0.302318206032706     121.718404298059
   0.300000000000011                    0     6.21202560583667 0.000646722114708929    0.302594503425949     119.379445254747
   0.300000000000011                    0     6.21202560583667 0.000646722114708929    0.302870800819191     117.040486211434
   0.300000000000011                    0     6.21202560583667 0.000646722114708929    0.303147098212434     114.701527168121
   0.300000000000011                    0     6.21202560583667 0.000646722114708929    0.303423395605676     112.362568124808
   0.300000000000011                    0     6.21202560583667 0.000646722114708929    0.303699692998919     110.023609081496
   0.300000000000011                    0     6.21202560583667 0.000646722114708929    0.303975990392161     107.684650038183
   0.300000000000011                    0     6.21202560583667 0.000646722114708929    0.304252287785404      105.34569099487
   0.300000000000011                    0     6.21202560583667 0.000646722114708929    0.304528585178647     103.006731951557
  0.0579486720736213     2.00116685737743     6.21202560583667 0.000646722114708929    0.304804882571889     100.667772908245
    38.6423170488862     1.67389669387261     3.59292103277425 0.000813497166128334    0.912101297761168        280.682715707
   0.300000000000921                    0     6.21202560583667 0.000646722114708929     0.31540705133941     36.6190536239503
   0.300000000000011                    0     6.21202560583667 0.000646722114708929    0.315460831648271     35.9361586936622
   0.300000000000011                    0     6.21202560583667 0.000646722114708929    0.315514611957132     35.2532637633742
   0.300000000000011                    0     6.21202560583667 0.000646722114708929    0.315568392265993     34.5703688330861
   0.300000000000011                    0     6.21202560583667 0.000646722114708929    0.315622172574855     33.8874739027981
   0.300000000000011                    0     6.21202560583667 0.000646722114708929    0.315675952883716     33.2045789725101
   0.300000000000011                    0     6.21202560583667 0.000646722114708929    0.315729733192577      32.521684042222
   0.300000000000011                    0     6.21202560583667 0.000646722114708929    0.315783513501438      31.838789111934
   0.300000000000011                    0     6.21202560583667 0.000646722114708929    0.315837293810299     31.1558941816459
   0.300000000000011                    0     6.21202560583667 0.000646722114708929     0.31589107411916     30.4729992513579
   0.300000000000011                    0     6.21202560583667 0.000646722114708929    0.315944854428021     29.7901043210699
   0.300000000000011                    0     6.21202560583667 0.000646722114708929    0.315998634736882     29.1072093907818
   0.105724486395957      9.9982575726961     6.21202560583667 0.000646722114708929    0.316052415045744     28.4243144604938
    30.4316005336619     9.99317241694496     3.59292103277425 0.000813497166128334    0.865100124887986     159.842047593803
   0.300000000000921                    0     6.21202560583667 0.000646722114708929    0.303269023604468     356.155056647771
   0.300000000000011                    0     6.21202560583667 0.000646722114708929    0.302876344138498     356.221333658977
   0.300000000000011                    0     6.21202560583667 0.000646722114708929    0.302483664672528     356.287610670183
   0.300000000000011                    0     6.21202560583667 0.000646722114708929    0.302090985206558     356.353887681388
   0.300000000000011                    0     6.21202560583667 0.000646722114708929    0.301698305740588     356.420164692594
   0.300000000000011                    0     6.21202560583667 0.000646722114708929    0.301305626274618       356.4864417038
   0.300000000000011                    0     6.21202560583667 0.000646722114708929    0.300912946808647     356.552718715006
   0.300000000000011                    0     6.21202560583667 0.000646722114708929    0.300520267342677     356.618995726212
   0.300000000000011                    0     6.21202560583667 0.000646722114708929    0.300127587876707     356.685272737417
   0.300000000000011                    0     6.21202560583667 0.000646722114708929    0.299734908410737     356.751549748623
   0.300000000000011                    0     6.21202560583667 0.000646722114708929    0.299342228944767     356.817826759829
   0.300000000000011                    0     6.21202560583667 0.000646722114708929    0.298949549478797     356.884103771035
   0.300000000000011                    0     6.21202560583667 0.000646722114708929    0.298556870012826     356.950380782241
   0.300000000000011                    0     6.21202560583667 0.000646722114708929    0.298164190546856     357.016657793446
   0.300000000000011                    0     6.21202560583667 0.000646722114708929    0.297771511080886     357.082934804652
   0.300000000000011                    0     6.21202560583667 0.000646722114708929    0.297378831614916     357.149211815858
   0.300000000000011                    0     6.21202560583667 0.000646722114708929    0.296986152148946     357.215488827064
   0.300000000000011                    0     6.21202560583667 0.000646722114708929    0.296593472682976      357.28176583827
   0.300000000000011                    0     6.21202560583667 0.000646722114708929    0.296200793217006     357.348042849475
   0.300000000000011                    0     6.21202560583667 0.000646722114708929    0.295808113751035     357.414319860681
   0.300000000000011                    0     6.21202560583667 0.000646722114708929    0.295415434285065     357.480596871887
   0.300000000000011                    0     6.21202560583667 0.000646722114708929    0.295022754819095     357.546873883093
   0.300000000000011                    0     6.21202560583667 0.000646722114708929    0.294630075353125     357.613150894299
   0.300000000000011                    0     6.21202560583667 0.000646722114708929    0.294237395887155     357.679427905504
   0.300000000000011                    0     6.21202560583667 0.000646722114708929    0.293844716421185      357.74570491671
   0.300000000000011                    0     6.21202560583667 0.000646722114708929    0.293452036955214     357.811981927916
   0.300000000000011                    0     6.21202560583667 0.000646722114708929    0.293059357489244     357.878258939122
   0.300000000000011                    0     6.21202560583667 0.000646722114708929    0.292666678023274     357.944535950328
   0.300000000000011                    0     6.21202560583667 0.000646722114708929    0.292273998557304     358.010812961533
   0.300000000000011                    0     6.21202560583667 0.000646722114708929    0.291881319091334     358.077089972739
   0.300000000000011                    0     6.21202560583667 0.000646722114708929    0.291488639625364     358.143366983945
   0.300000000000011                    0     6.21202560583667 0.000646722114708929    0.291095960159393     358.209643995151
   0.300000000000011                    0     6.21202560583667 0.000646722114708929    0.290703280693423     358.275921006357
   0.300000000000011                    0     6.21202560583667 0.000646722114708929    0.290310601227453     358.342198017563
   0.300000000000011                    0     6.21202560583667 0.000646722114708929    0.289917921761483     358.408475028768
   0.300000000000011                    0     6.21202560583667 0.000646722114708929    0.289525242295513     358.474752039974
   0.300000000000011                    0     6.21202560583667 0.000646722114708929    0.289132562829543      358.54102905118
   0.300000000000011                    0     6.21202560583667 0.000646722114708929    0.288739883363573     358.607306062386
   0.300000000000011                    0     6.21202560583667 0.000646722114708929    0.288347203897602     358.673583073591
   0.300000000000011                    0     6.21202560583667 0.000646722114708929    0.287954524431632     358.739860084797
   0.261951016338344     5.87624867067611     6.21202560583667 0.000646722114708929    0.287561844965662     358.806137096003
    36.6183930433907     2.32878399707045     3.59292103277425 0.000813497166128334    0.889051374330308     306.322036005555
   0.300000000001148                    0     6.21202560583667 0.000646722114708929    0.318029053229598     134.889412218621
   0.300000000000011                    0     6.21202560583667 0.000646722114708929    0.317919827956954     135.916619477563
   0.300000000000011                    0     6.21202560583667 0.000646722114708929     0.31781060268431     136.943826736505
   0.300000000000011                    0     6.21202560583667 0.000646722114708929    0.317701377411666     137.971033995447
   0.300000000000011                    0     6.21202560583667 0.000646722114708929    0.317592152139021     138.998241254389
   0.300000000000011                    0     6.21202560583667 0.000646722114708929    0.317482926866377     140.025448513331
   0.300000000000011                    0     6.21202560583667 0.000646722114708929    0.317373701593733     141.052655772273
   0.300000000000011                    0     6.21202560583667 0.000646722114708929    0.317264476321089     142.079863031215
   0.300000000000011                    0     6.21202560583667 0.000646722114708929    0.317155251048445     143.107070290157
   0.300000000000011                    0     6.21202560583667 0.000646722114708929      0.3170460257758     144.134277549099
   0.299999999999955                    0     6.21202560583667 0.000646722114708929    0.316936800503156     145.161484808041
   0.299999999999955                    0     6.21202560583667 0.000646722114708929    0.316827575230512     146.188692066983
   0.299999999999955                    0     6.21202560583667 0.000646722114708929    0.316718349957868     147.215899325925
   0.299999999999955                    0     6.21202560583667 0.000646722114708929    0.316609124685224     148.243106584866
   0.299999999999955                    0     6.21202560583667 0.000646722114708929     0.31649989941258     149.270313843808
   0.299999999999955                    0     6.21202560583667 0.000646722114708929    0.316390674139935      150.29752110275
   0.299999999999955                    0     6.21202560583667 0.000646722114708929    0.316281448867291     151.324728361692
   0.299999999999955                    0     6.21202560583667 0.000646722114708929    0.316172223594647     152.351935620634
   0.299999999999955                    0     6.21202560583667 0.000646722114708929    0.316062998322003     153.379142879576
   0.299999999999955                    0     6.21202560583667 0.000646722114708929    0.315953773049359     154.406350138518
   0.299999999999955                    0     6.21202560583667 0.000646722114708929    0.315844547776715      155.43355739746
   0.299999999999955                    0     6.21202560583667 0.000646722114708929     0.31573532250407     156.460764656402
   0.299999999999955                    0     6.21202560583667 0.000646722114708929    0.315626097231426     157.487971915344
   0.299999999999955                    0     6.21202560583667 0.000646722114708929    0.315516871958782     158.515179174286
   0.299999999999955                    0     6.21202560583667 0.000646722114708929    0.315407646686138     159.542386433228
   0.299999999999955                    0     6.21202560583667 0.000646722114708929    0.315298421413494      160.56959369217
   0.299999999999955                    0     6.21202560583667 0.000646722114708929    0.315189196140849     161.596800951112
   0.299999999999955                    0     6.21202560583667 0.000646722114708929    0.315079970868205     162.624008210054
   0.299999999999955                    0     6.21202560583667 0.000646722114708929    0.314970745595561     163.651215468996
   0.299999999999955                    0     6.21202560583667 0.000646722114708929    0.314861520322917     164.678422727938
   0.299999999999955                    0     6.21202560583667 0.000646722114708929    0.314752295050273      165.70562998688
   0.299999999999955                    0     6.21202560583667 0.000646722114708929    0.314643069777629     166.732837245822
   0.299999999999955                    0     6.21202560583667 0.000646722114708929    0.314533844504984     167.760044504764
   0.299999999999955                    0     6.21202560583667 0.000646722114708929     0.31442461923234     168.787251763706
   0.299999999999955                    0     6.21202560583667 0.000646722114708929    0.314315393959696     169.814459022648
   0.299999999999955                    0     6.21202560583667 0.000646722114708929    0.314206168687052      170.84166628159
   0.299999999999955                    0     6.21202560583667 0.000646722114708929    0.314096943414408     171.868873540531
   0.299999999999955                    0     6.21202560583667 0.000646722114708929    0.313987718141763     172.896080799473
   0.299999999999955                    0     6.21202560583667 0.000646722114708929    0.313878492869119     173.923288058415
   0.299999999999955                    0     6.21202560583667 0.000646722114708929    0.313769267596475     174.950495317357
   0.299999999999955                    0     6.21202560583667 0.000646722114708929    0.313660042323831     175.977702576299
   0.122097057158271     8.91344241531519     6.21202560583667 0.000646722114708929    0.313550817051187     177.004909835241
    36.1086210104449     9.99805107031651     3.59292103277425 0.000813497166128334    0.893169145157578     311.799155541386
   0.300000000000523                    0     6.21202560583667 0.000646722114708929    0.323841766929449     252.823341217029
   0.299999999999955                    0     6.21202560583667 0.000646722114708929     0.32369033234276     248.667601577213
   0.299999999999955                    0     6.21202560583667 0.000646722114708929     0.32353889775607     244.511861937396
   0.299999999999955                    0     6.21202560583667 0.000646722114708929    0.323387463169381      240.35612229758
   0.299999999999955                    0     6.21202560583667 0.000646722114708929    0.323236028582692     236.200382657764
   0.299999999999955                    0     6.21202560583667 0.000646722114708929    0.323084593996003     232.044643017947
   0.299999999999955                    0     6.21202560583667 0.000646722114708929    0.322933159409313     227.888903378131
   0.299999999999955                    0     6.21202560583667 0.000646722114708929    0.322781724822624     223.733163738315
   0.299999999999955                    0     6.21202560583667 0.000646722114708929    0.322630290235935     219.577424098498
   0.299999999999955                    0     6.21202560583667 0.000646722114708929    0.322478855649245     215.421684458682
   0.299999999999955                    0     6.21202560583667 0.000646722114708929    0.322327421062556     211.265944818866
   0.299999999999955                    0     6.21202560583667 0.000646722114708929    0.322175986475867     207.110205179049
   0.299999999999955                    0     6.21202560583667 0.000646722114708929    0.322024551889178     202.954465539233
   0.299999999999955                    0     6.21202560583667 0.000646722114708929    0.321873117302488     198.798725899416
   0.299999999999955                    0     6.21202560583667 0.000646722114708929    0.321721682715799       194.6429862596
   0.299999999999955                    0     6.21202560583667 0.000646722114708929     0.32157024812911     190.487246619784
   0.299999999999955                    0     6.21202560583667 0.000646722114708929     0.32141881354242     186.331506979967
   0.299999999999955                    0     6.21202560583667 0.000646722114708929    0.321267378955731     182.175767340151
   0.299999999999955                    0     6.21202560583667 0.000646722114708929    0.321115944369042     178.020027700335
   0.299999999999955                    0     6.21202560583667 0.000646722114708929    0.320964509782352     173.864288060518
   0.299999999999955                    0     6.21202560583667 0.000646722114708929    0.320813075195663     169.708548420702
   0.299999999999955                    0     6.21202560583667 0.000646722114708929    0.320661640608974     165.552808780886
   0.299999999999955                    0     6.21202560583667 0.000646722114708929    0.320510206022285     161.397069141069
   0.299999999999955                    0     6.21202560583667 0.000646722114708929    0.320358771435595     157.241329501253
   0.299999999999955                    0     6.21202560583667 0.000646722114708929    0.320207336848906     153.085589861437
   0.299999999999955                    0     6.21202560583667 0.000646722114708929    0.320055902262217      148.92985022162
   0.299999999999955                    0     6.21202560583667 0.000646722114708929    0.319904467675527     144.774110581804
   0.299999999999955                    0     6.21202560583667 0.000646722114708929    0.319753033088838     140.618370941988
   0.299999999999955                    0     6.21202560583667 0.000646722114708929    0.319601598502149     136.462631302171
   0.299999999999955                    0     6.21202560583667 0.000646722114708929    0.319450163915459     132.306891662355
   0.299999999999955                    0     6.21202560583667 0.000646722114708929     0.31929872932877     128.151152022538
   0.299999999999955                    0     6.21202560583667 0.000646722114708929    0.319147294742081     123.995412382722
   0.299999999999955                    0     6.21202560583667 0.000646722114708929    0.318995860155392     119.839672742906
   0.299999999999955                    0     6.21202560583667 0.000646722114708929    0.318844425568702     115.683933103089
   0.299999999999955                    0     6.21202560583667 0.000646722114708929    0.318692990982013     111.528193463273
   0.299999999999955                    0     6.21202560583667 0.000646722114708929    0.318541556395324     107.372453823457
   0.299999999999955                    0     6.21202560583667 0.000646722114708929    0.318390121808634      103.21671418364
   0.299999999999955                    0     6.21202560583667 0.000646722114708929    0.318238687221945      99.060974543824
   0.299999999999955                    0     6.21202560583667 0.000646722114708929    0.318087252635256     94.9052349040076
   0.299999999999955                    0     6.21202560583667 0.000646722114708929    0.317935818048567     90.7494952641913
   0.299999999999955                    0     6.21202560583667 0.000646722114708929    0.317784383461877     86.5937556243749
   0.299999999999955                    0     6.21202560583667 0.000646722114708929    0.317632948875188     82.4380159845585
   0.299999999999955                    0     6.21202560583667 0.000646722114708929    0.317481514288499     78.2822763447422
   0.299999999999955                    0     6.21202560583667 0.000646722114708929    0.317330079701809     74.1265367049259
   0.299999999999955                    0     6.21202560583667 0.000646722114708929     0.31717864511512     69.9707970651095
   0.299999999999955                    0     6.21202560583667 0.000646722114708929    0.317027210528431     65.8150574252931
   0.299999999999955                    0     6.21202560583667 0.000646722114708929    0.316875775941742     61.6593177854768
   0.299999999999955                    0     6.21202560583667 0.000646722114708929    0.316724341355052     57.5035781456604
   0.299999999999955                    0     6.21202560583667 0.000646722114708929    0.316572906768363     53.3478385058441
   0.299999999999955                    0     6.21202560583667 0.000646722114708929    0.316421472181674     49.1920988660277
   0.299999999999955                    0     6.21202560583667 0.000646722114708929    0.316270037594984     45.0363592262113
   0.299999999999955                    0     6.21202560583667 0.000646722114708929    0.316118603008295      40.880619586395
   0.299999999999955                    0     6.21202560583667 0.000646722114708929    0.315967168421606     36.7248799465787
   0.299999999999955                    0     6.21202560583667 0.000646722114708929    0.315815733834917     32.5691403067623
   0.299999999999955                    0     6.21202560583667 0.000646722114708929    0.315664299248227     28.4134006669459
   0.299999999999955                    0     6.21202560583667 0.000646722114708929    0.315512864661538     24.2576610271296
    0.20454367672653     9.32072443410306     6.21202560583667 0.000646722114708929    0.315361430074849     20.1019213873132
    35.5344349029962     2.23222049336907     3.59292103277425 0.000813497166128334    0.842191917123967      186.40170812052
   0.299999999999159                    0     6.21202560583667 0.000646722114708929    0.284653162349195     343.993981333274
   0.299999999999955                    0     6.21202560583667 0.000646722114708929    0.284650945940623     344.237818559641
   0.299999999999955                    0     6.21202560583667 0.000646722114708929    0.284648729532052     344.481655786007
   0.299999999999955                    0     6.21202560583667 0.000646722114708929     0.28464651312348     344.725493012373
   0.299999999999955                    0     6.21202560583667 0.000646722114708929    0.284644296714909     344.969330238739
   0.299999999999955                    0     6.21202560583667 0.000646722114708929    0.284642080306337     345.213167465105
   0.299999999999955                    0     6.21202560583667 0.000646722114708929    0.284639863897766     345.457004691471
   0.299999999999955                    0     6.21202560583667 0.000646722114708929    0.284637647489194     345.700841917838
   0.299999999999955                    0     6.21202560583667 0.000646722114708929    0.284635431080623     345.944679144204
   0.299999999999955                    0     6.21202560583667 0.000646722114708929    0.284633214672051      346.18851637057
   0.299999999999955                    0     6.21202560583667 0.000646722114708929     0.28463099826348     346.432353596936
   0.299999999999955                    0     6.21202560583667 0.000646722114708929    0.284628781854908     346.676190823302
   0.299999999999955                    0     6.21202560583667 0.000646722114708929    0.284626565446337     346.920028049668
   0.299999999999955                    0     6.21202560583667 0.000646722114708929    0.284624349037765     347.163865276035
   0.299999999999955                    0     6.21202560583667 0.000646722114708929    0.284622132629194     347.407702502401
   0.299999999999955                    0     6.21202560583667 0.000646722114708929    0.284619916220622     347.651539728767
   0.299999999999955                    0     6.21202560583667 0.000646722114708929    0.284617699812051     347.895376955133
   0.299999999999955                    0     6.21202560583667 0.000646722114708929    0.284615483403479     348.139214181499
   0.299999999999955                    0     6.21202560583667 0.000646722114708929    0.284613266994908     348.383051407865
   0.299999999999955                    0     6.21202560583667 0.000646722114708929    0.284611050586336     348.626888634232
   0.299999999999955                    0     6.21202560583667 0.000646722114708929    0.284608834177765     348.870725860598
   0.299999999999955                    0     6.21202560583667 0.000646722114708929    0.284606617769193     349.114563086964
   0.299999999999955                    0     6.21202560583667 0.000646722114708929    0.284604401360622      349.35840031333
   0.299999999999955                    0     6.21202560583667 0.000646722114708929     0.28460218495205     349.602237539696
   0.299999999999955                    0     6.21202560583667 0.000646722114708929    0.284599968543479     349.846074766062
   0.299999999999955                    0     6.21202560583667 0.000646722114708929    0.284597752134907     350.089911992429
   0.299999999999955                    0     6.21202560583667 0.000646722114708929    0.284595535726336     350.333749218795
   0.299999999999955                    0     6.21202560583667 0.000646722114708929    0.284593319317764     350.577586445161
   0.299999999999955                    0     6.21202560583667 0.000646722114708929    0.284591102909193     350.821423671527
   0.299999999999955                    0     6.21202560583667 0.000646722114708929    0.284588886500621     351.065260897893
   0.299999999999955                    0     6.21202560583667 0.000646722114708929     0.28458667009205     351.309098124259
   0.299999999999955                    0     6.21202560583667 0.000646722114708929    0.284584453683478     351.552935350626
   0.299999999999955                    0     6.21202560583667 0.000646722114708929    0.284582237274907     351.796772576992
   0.299999999999955                    0     6.21202560583667 0.000646722114708929    0.284580020866335     352.040609803358
   0.299999999999955                    0     6.21202560583667 0.000646722114708929    0.284577804457764     352.284447029724
   0.299999999999955                    0     6.21202560583667 0.000646722114708929    0.284575588049192      352.52828425609
   0.299999999999955                    0     6.21202560583667 0.000646722114708929    0.284573371640621     352.772121482456
   0.299999999999955                    0     6.21202560583667 0.000646722114708929    0.284571155232049     353.015958708823
   0.299999999999955                    0     6.21202560583667 0.000646722114708929    0.284568938823478     353.259795935189
   0.299999999999955                    0     6.21202560583667 0.000646722114708929    0.284566722414906     353.503633161555
   0.299999999999955                    0     6.21202560583667 0.000646722114708929    0.284564506006335     353.747470387921
   0.299999999999955                    0     6.21202560583667 0.000646722114708929    0.284562289597763     353.991307614287
   0.299999999999955                    0     6.21202560583667 0.000646722114708929    0.284560073189192     354.235144840653
   0.299999999999955                    0     6.21202560583667 0.000646722114708929     0.28455785678062      354.47898206702
   0.299999999999955                    0     6.21202560583667 0.000646722114708929    0.284555640372049     354.722819293386
   0.299999999999955                    0     6.21202560583667 0.000646722114708929    0.284553423963477     354.966656519752
   0.299999999999955                    0     6.21202560583667 0.000646722114708929    0.284551207554906     355.210493746118
   0.299999999999955                    0     6.21202560583667 0.000646722114708929    0.284548991146334     355.454330972484
   0.299999999999955                    0     6.21202560583667 0.000646722114708929    0.284546774737763      355.69816819885
   0.299999999999955                    0     6.21202560583667 0.000646722114708929    0.284544558329191     355.942005425217
   0.299999999999955                    0     6.21202560583667 0.000646722114708929     0.28454234192062     356.185842651583
   0.299999999999955                    0     6.21202560583667 0.000646722114708929    0.284540125512048     356.429679877949
   0.299999999999955                    0     6.21202560583667 0.000646722114708929    0.284537909103477     356.673517104315
   0.299999999999955                    0     6.21202560583667 0.000646722114708929    0.284535692694905     356.917354330681
   0.299999999999955                    0     6.21202560583667 0.000646722114708929    0.284533476286334     357.161191557047
   0.299999999999955                    0     6.21202560583667 0.000646722114708929    0.284531259877762     357.405028783414
   0.299999999999955                    0     6.21202560583667 0.000646722114708929    0.284529043469191      357.64886600978
   0.299999999999955                    0     6.21202560583667 0.000646722114708929    0.284526827060619     357.892703236146
   0.299999999999955                    0     6.21202560583667 0.000646722114708929    0.284524610652048     358.136540462512
   0.299999999999955                    0     6.21202560583667 0.000646722114708929    0.284522394243476     358.380377688878
   0.012612286181934     9.11543316993327     6.21202560583667 0.000646722114708929    0.284520177834905     358.624214915244
    33.9672463236542     9.99394689940587     3.59292103277425 0.000813497166128334     1.08068005668149     265.850353001977
   0.299999999997794                    0     6.21202560583667 0.000646722114708929    0.302116802879176      251.55377530542
   0.299999999999955                    0     6.21202560583667 0.000646722114708929    0.302328268538287     252.451837246448
   0.299999999999955                    0     6.21202560583667 0.000646722114708929    0.302539734197399     253.349899187477
   0.299999999999955                    0     6.21202560583667 0.000646722114708929     0.30275119985651     254.247961128505
   0.299999999999955                    0     6.21202560583667 0.000646722114708929    0.302962665515622     255.146023069534
   0.299999999999955                    0     6.21202560583667 0.000646722114708929    0.303174131174733     256.044085010563
   0.299999999999955                    0     6.21202560583667 0.000646722114708929    0.303385596833844     256.942146951591
   0.299999999999955                    0     6.21202560583667 0.000646722114708929    0.303597062492956      257.84020889262
   0.299999999999955                    0     6.21202560583667 0.000646722114708929    0.303808528152067     258.738270833649
   0.299999999999955                    0     6.21202560583667 0.000646722114708929    0.304019993811179     259.636332774677
   0.299999999999955                    0     6.21202560583667 0.000646722114708929     0.30423145947029     260.534394715706
   0.299999999999955                    0     6.21202560583667 0.000646722114708929    0.304442925129401     261.432456656734
   0.299999999999955                    0     6.21202560583667 0.000646722114708929    0.304654390788513     262.330518597763
   0.299999999999955                    0     6.21202560583667 0.000646722114708929    0.304865856447624     263.228580538792
   0.299999999999955                    0     6.21202560583667 0.000646722114708929    0.305077322106736      264.12664247982
   0.299999999999955                    0     6.21202560583667 0.000646722114708929    0.305288787765847     265.024704420849
   0.299999999999955                    0     6.21202560583667 0.000646722114708929    0.305500253424958     265.922766361878
   0.299999999999955                    0     6.21202560583667 0.000646722114708929     0.30571171908407     266.820828302906
   0.299999999999955                    0     6.21202560583667 0.000646722114708929    0.305923184743181     267.718890243935
   0.299999999999955                    0     6.21202560583667 0.000646722114708929    0.306134650402293     268.616952184963
   0.299999999999955                    0     6.21202560583667 0.000646722114708929    0.306346116061404     269.515014125992
   0.299999999999955                    0     6.21202560583667 0.000646722114708929    0.306557581720515     270.413076067021
   0.299999999999955                    0     6.21202560583667 0.000646722114708929    0.306769047379627     271.311138008049
   0.299999999999955                    0     6.21202560583667 0.000646722114708929    0.306980513038738     272.209199949078
   0.299999999999955                    0     6.21202560583667 0.000646722114708929     0.30719197869785     273.107261890106
   0.299999999999955                    0     6.21202560583667 0.000646722114708929    0.307403444356961     274.005323831135
   0.299999999999955                    0     6.21202560583667 0.000646722114708929    0.307614910016072     274.903385772164
   0.299999999999955                    0     6.21202560583667 0.000646722114708929    0.307826375675184     275.801447713192
   0.299999999999955                    0     6.21202560583667 0.000646722114708929    0.308037841334295     276.699509654221
   0.299999999999955                    0     6.21202560583667 0.000646722114708929    0.308249306993407      277.59757159525
   0.299999999999955                    0     6.21202560583667 0.000646722114708929    0.308460772652518     278.495633536278
   0.299999999999955                    0     6.21202560583667 0.000646722114708929    0.308672238311629     279.393695477307
   0.299999999999955                    0     6.21202560583667 0.000646722114708929    0.308883703970741     280.291757418335
   0.299999999999955                    0     6.21202560583667 0.000646722114708929    0.309095169629852     281.189819359364
   0.299999999999955                    0     6.21202560583667 0.000646722114708929    0.309306635288964     282.087881300393
   0.299999999999955                    0     6.21202560583667 0.000646722114708929    0.309518100948075     282.985943241421
   0.299999999999955                    0     6.21202560583667 0.000646722114708929    0.309729566607186      283.88400518245
   0.299999999999955                    0     6.21202560583667 0.000646722114708929    0.309941032266298     284.782067123479
   0.299999999999955                    0     6.21202560583667 0.000646722114708929    0.310152497925409     285.680129064507
   0.299999999999955                    0     6.21202560583667 0.000646722114708929    0.310363963584521     286.578191005536
   0.299999999999955                    0     6.21202560583667 0.000646722114708929    0.310575429243632     287.476252946565
   0.299999999999955                    0     6.21202560583667 0.000646722114708929    0.310786894902743     288.374314887593
   0.299999999999955                    0     6.21202560583667 0.000646722114708929    0.310998360561855     289.272376828622
   0.299999999999955                    0     6.21202560583667 0.000646722114708929    0.311209826220966      290.17043876965
   0.299999999999955                    0     6.21202560583667 0.000646722114708929    0.311421291880078     291.068500710679
   0.299999999999955                    0     6.21202560583667 0.000646722114708929    0.311632757539189     291.966562651708
   0.299999999999955                    0     6.21202560583667 0.000646722114708929      0.3118442231983     292.864624592736
   0.299999999999955                    0     6.21202560583667 0.000646722114708929    0.312055688857412     293.762686533765
   0.299999999999955                    0     6.21202560583667 0.000646722114708929    0.312267154516523     294.660748474793
   0.299999999999955                    0     6.21202560583667 0.000646722114708929    0.312478620175635     295.558810415822
   0.299999999999955                    0     6.21202560583667 0.000646722114708929    0.312690085834746     296.456872356851
   0.299999999999955                    0     6.21202560583667 0.000646722114708929    0.312901551493858     297.354934297879
   0.299999999999955                    0     6.21202560583667 0.000646722114708929    0.313113017152969     298.252996238908
   0.299999999999955                    0     6.21202560583667 0.000646722114708929     0.31332448281208     299.151058179937
   0.293537142472815     1.22320324119245     6.21202560583667 0.000646722114708929    0.313535948471192     300.049120120965
                   0                    0                    0                    0                    0     300.049120120965
