#     thickness (A)        interface (A)       rho (1e-6/A^2)      irho (1e-6/A^2)      rhoM (1e-6/A^2)      theta (degrees)
                   0                  1.5                 3.54                    0                    0     358.963504793235
                   2                    0                  3.7                    0     1.36528094558348     358.963504793235
                   2                    0                  3.7                    0     1.35817199807744     348.216763307484
                   2                    0                  3.7                    0     1.35106305057141     337.470021821732
                   2                    0                  3.7                    0     1.34395410306537      326.72328033598
                   2                    0                  3.7                    0     1.33684515555933     315.976538850228
                   2                    0                  3.7                    0     1.32973620805329     305.229797364476
                   2                    0                  3.7                    0     1.32262726054725     294.483055878724
                   2                    0                  3.7                    0     1.31551831304122     283.736314392973
                   2                    0                  3.7                    0     1.30840936553518     272.989572907221
                   2                    0                  3.7                    0     1.30130041802914     262.242831421469
                   2                    0                  3.7                    0      1.2941914705231     251.496089935717
                   2                    0                  3.7                    0     1.28708252301707     240.749348449965
                   2                    0                  3.7                    0     1.27997357551103     230.002606964213
                   2                    0                  3.7                    0     1.27286462800499     219.255865478462
                   2                    0                  3.7                    0     1.26575568049895      208.50912399271
                   2                    0                  3.7                    0     1.25864673299292     197.762382506958
                   2                    0                  3.7                    0     1.25153778548688     187.015641021206
                   2                    0                  3.7                    0     1.24442883798084     176.268899535454
                   2                    0                  3.7                    0      1.2373198904748     165.522158049702
    1.47458553009196    0.103642058501316                  3.7                    0     1.23021094296876     154.775416563951
                   2                    0                6.359                    0     0.31305577753878     62.5025434408683
                   2                    0                6.359                    0    0.312723871659922     63.0167314005835
                   2                    0                6.359                    0    0.312391965781064     63.5309193602988
                   2                    0                6.359                    0    0.312060059902206     64.0451073200141
                   2                    0                6.359                    0    0.311728154023349     64.5592952797294
                   2                    0                6.359                    0    0.311396248144491     65.0734832394447
   0.697131700857902     4.97556808564971                6.359                    0    0.311064342265633       65.58767119916
                   2                    0                  3.7                    0     1.36818009287459     358.996725632817
                   2                    0                  3.7                    0     1.36817200778405     358.991497576351
                   2                    0                  3.7                    0     1.36816392269351     358.986269519884
                   2                    0                  3.7                    0     1.36815583760298     358.981041463417
                   2                    0                  3.7                    0     1.36814775251244     358.975813406951
    2.00000000000001                    0                  3.7                    0      1.3681396674219     358.970585350484
                   2                    0                  3.7                    0     1.36813158233136     358.965357294018
                   2                    0                  3.7                    0     1.36812349724083     358.960129237551
                   2                    0                  3.7                    0     1.36811541215029     358.954901181084
                   2                    0                  3.7                    0     1.36810732705975     358.949673124618
                   2                    0                  3.7                    0     1.36809924196922     358.944445068151
                   2                    0                  3.7                    0     1.36809115687868     358.939217011684
                   2                    0                  3.7                    0     1.36808307178814     358.933988955218
                   2                    0                  3.7                    0     1.36807498669761     358.928760898751
                   2                    0                  3.7                    0     1.36806690160707     358.923532842285
                   2                    0                  3.7                    0     1.36805881651653     358.918304785818
                   2                    0                  3.7                    0     1.36805073142599     358.913076729351
                   2                    0                  3.7                    0     1.36804264633546     358.907848672885
                   2                    0                  3.7                    0     1.36803456124492     358.902620616418
   0.514385106751831      4.9374047420428                  3.7                    0     1.36802647615438     358.897392559951
                   2                    0                6.359                    0    0.300655051857479     2.82936501124984
     1.9226326963153   0.0857870492601697                6.359                    0    0.298577962206257     351.445326692324
                   2                    0                  3.7                    0     1.23018658609833     358.924562998904
                   2                    0                  3.7                    0     1.23018140727536     352.584662455551
                   2                    0                  3.7                    0     1.23017622845238     346.244761912199
                   2                    0                  3.7                    0     1.23017104962941     339.904861368847
                   2                    0                  3.7                    0     1.23016587080644     333.564960825495
                   2                    0                  3.7                    0     1.23016069198346     327.225060282143
                   2                    0                  3.7                    0     1.23015551316049     320.885159738791
                   2                    0                  3.7                    0     1.23015033433752     314.545259195439
                   2                    0                  3.7                    0     1.23014515551454     308.205358652087
                   2                    0                  3.7                    0     1.23013997669157     301.865458108735
                   2                    0                  3.7                    0      1.2301347978686     295.525557565382
                   2                    0                  3.7                    0     1.23012961904562      289.18565702203
                   2                    0                  3.7                    0     1.23012444022265     282.845756478678
                   2                    0                  3.7                    0     1.23011926139968     276.505855935326
                   2                    0                  3.7                    0      1.2301140825767     270.165955391974
                   2                    0                  3.7                    0     1.23010890375373     263.826054848622
                   2                    0                  3.7                    0     1.23010372493076      257.48615430527
                   2                    0                  3.7                    0     1.23009854610779     251.146253761918
    1.43769858984234     4.96689930909281                  3.7                    0     1.23009336728481     244.806353218566
                   2                    0                6.359                    0    0.312630350229929     129.078092086847
                   2                    0                6.359                    0    0.312487776391582     128.170102899857
                   2                    0                6.359                    0    0.312345202553236     127.262113712867
                   2                    0                6.359                    0     0.31220262871489     126.354124525877
                   2                    0                6.359                    0    0.312060054876544     125.446135338887
                   2                    0                6.359                    0    0.311917481038198     124.538146151897
    0.20232259801486     4.76644881918722                6.359                    0    0.311774907199852     123.630156964907
                   2                    0                  3.7                    0     1.23053001149138     358.937022901009
                   2                    0                  3.7                    0     1.23053929160272     358.936862897597
                   2                    0                  3.7                    0     1.23054857171407     358.936702894185
                   2                    0                  3.7                    0     1.23055785182542     358.936542890772
                   2                    0                  3.7                    0     1.23056713193676      358.93638288736
                   2                    0                  3.7                    0     1.23057641204811     358.936222883947
                   2                    0                  3.7                    0     1.23058569215946     358.936062880535
                   2                    0                  3.7                    0      1.2305949722708     358.935902877122
                   2                    0                  3.7                    0     1.23060425238215      358.93574287371
                   2                    0                  3.7                    0      1.2306135324935     358.935582870297
                   2                    0                  3.7                    0     1.23062281260485     358.935422866885
                   2                    0                  3.7                    0     1.23063209271619     358.935262863472
                   2                    0                  3.7                    0     1.23064137282754      358.93510286006
                   2                    0                  3.7                    0     1.23065065293889     358.934942856647
                   2                    0                  3.7                    0     1.23065993305023     358.934782853235
                   2                    0                  3.7                    0     1.23066921316158     358.934622849823
                   2                    0                  3.7                    0     1.23067849327293      358.93446284641
                   2                    0                  3.7                    0     1.23068777338427     358.934302842998
    1.54403634025311     4.96196893730776                  3.7                    0     1.23069705349562     358.934142839585
                   2                    0                6.359                    0    0.285538251061171     130.699246887134
    1.47037917545504   0.0740724200199095                6.359                    0    0.296021870210529     110.142294649134
    1.99999999999997                    0                  3.7                    0     1.23024048081309     358.828928977113
                   2                    0                  3.7                    0      1.2303055976126     347.781698999274
                   2                    0                  3.7                    0     1.23037071441211     336.734469021436
                   2                    0                  3.7                    0     1.23043583121162     325.687239043597
                   2                    0                  3.7                    0     1.23050094801113     314.640009065758
                   2                    0                  3.7                    0     1.23056606481064     303.592779087919
                   2                    0                  3.7                    0     1.23063118161015     292.545549110081
                   2                    0                  3.7                    0     1.23069629840966     281.498319132242
                   2                    0                  3.7                    0     1.23076141520917     270.451089154403
                   2                    0                  3.7                    0     1.23082653200868     259.403859176565
                   2                    0                  3.7                    0     1.23089164880819     248.356629198726
                   2                    0                  3.7                    0      1.2309567656077     237.309399220887
                   2                    0                  3.7                    0      1.2310218824072     226.262169243049
                   2                    0                  3.7                    0     1.23108699920671      215.21493926521
                   2                    0                  3.7                    0     1.23115211600622     204.167709287371
                   2                    0                  3.7                    0     1.23121723280573     193.120479309532
                   2                    0                  3.7                    0     1.23128234960524     182.073249331694
                   2                    0                  3.7                    0     1.23134746640475     171.026019353855
    1.78359770773628    0.160529168756172                  3.7                    0     1.23141258320426     159.978789376016
                   2                    0                6.359                    0    0.311953523951732     222.718871488988
                   2                    0                6.359                    0    0.311451349840548     220.056536899961
                   2                    0                6.359                    0    0.310949175729364     217.394202310934
                   2                    0                6.359                    0    0.310447001618181     214.731867721907
                   2                    0                6.359                    0    0.309944827506997      212.06953313288
   0.300252476060848     4.97412404520495                6.359                    0    0.309442653395814     209.407198543852
    1.99999999999997                    0                  3.7                    0     1.36591526887772     171.554989304281
                   2                    0                  3.7                    0     1.35798015032891     174.232486271908
                   2                    0                  3.7                    0     1.35004503178009     176.909983239534
                   2                    0                  3.7                    0     1.34210991323128      179.58748020716
                   2                    0                  3.7                    0     1.33417479468246     182.264977174787
                   2                    0                  3.7                    0     1.32623967613365     184.942474142413
                   2                    0                  3.7                    0     1.31830455758483      187.61997111004
                   2                    0                  3.7                    0     1.31036943903601     190.297468077666
                   2                    0                  3.7                    0      1.3024343204872     192.974965045293
                   2                    0                  3.7                    0     1.29449920193838     195.652462012919
                   2                    0                  3.7                    0     1.28656408338957     198.329958980545
    2.00000000000003                    0                  3.7                    0     1.27862896484075     201.007455948172
                   2                    0                  3.7                    0     1.27069384629194     203.684952915798
                   2                    0                  3.7                    0     1.26275872774312     206.362449883425
                   2                    0                  3.7                    0      1.2548236091943     209.039946851051
                   2                    0                  3.7                    0     1.24688849064549     211.717443818677
                   2                    0                  3.7                    0     1.23895337209667     214.394940786304
    1.26658558703673     3.91613799845102                  3.7                    0     1.23101825354786      217.07243775393
                   2                    0                6.359                    0    0.288933873368374     1.94350364472061
    1.47073758250076    0.273641848483062                6.359                    0    0.294872346996939     2.06339664364065
    1.99999999999994                    0                  3.7                    0     1.24381414286461     358.429076968042
                   2                    0                  3.7                    0     1.24306816855818     354.062161150607
                   2                    0                  3.7                    0     1.24232219425175     349.695245333172
                   2                    0                  3.7                    0     1.24157621994532     345.328329515737
                   2                    0                  3.7                    0     1.24083024563889     340.961413698303
                   2                    0                  3.7                    0     1.24008427133246     336.594497880868
                   2                    0                  3.7                    0     1.23933829702603     332.227582063433
                   2                    0                  3.7                    0      1.2385923227196     327.860666245998
                   2                    0                  3.7                    0     1.23784634841317     323.493750428563
                   2                    0                  3.7                    0     1.23710037410674     319.126834611128
                   2                    0                  3.7                    0     1.23635439980031     314.759918793693
                   2                    0                  3.7                    0     1.23560842549388     310.393002976258
                   2                    0                  3.7                    0     1.23486245118745     306.026087158823
                   2                    0                  3.7                    0     1.23411647688102     301.659171341388
                   2                    0                  3.7                    0     1.23337050257459     297.292255523953
                   2                    0                  3.7                    0     1.23262452826816     292.925339706518
                   2                    0                  3.7                    0     1.23187855396173     288.558423889083
                   2                    0                  3.7                    0      1.2311325796553     284.191508071648
    1.98941079806951     4.90918831566875                  3.7                    0     1.23038660534887     279.824592254213
    1.99999999999994                    0                6.359                    0    0.301545227456322     197.144172759008
                   2                    0                6.359                    0    0.299559960691934     194.077747591676
                   2                    0                6.359                    0    0.297574693927545     191.011322424345
                   2                    0                6.359                    0    0.295589427163157     187.944897257013
                   2                    0                6.359                    0    0.293604160398769     184.878472089682
   0.302248377813726   0.0744783724410602                6.359                    0    0.291618893634381      181.81204692235
    1.99999999999994                    0                  3.7                    0     1.35854978741025     358.910845848627
                   2                    0                  3.7                    0     1.35891250125549     358.097784170871
                   2                    0                  3.7                    0     1.35927521510073     357.284722493115
                   2                    0                  3.7                    0     1.35963792894597      356.47166081536
                   2                    0                  3.7                    0     1.36000064279121     355.658599137604
                   2                    0                  3.7                    0     1.36036335663645     354.845537459849
                   2                    0                  3.7                    0     1.36072607048169     354.032475782093
                   2                    0                  3.7                    0     1.36108878432693     353.219414104337
                   2                    0                  3.7                    0     1.36145149817218     352.406352426582
                   2                    0                  3.7                    0     1.36181421201742     351.593290748826
                   2                    0                  3.7                    0     1.36217692586266      350.78022907107
                   2                    0                  3.7                    0      1.3625396397079     349.967167393315
                   2                    0                  3.7                    0     1.36290235355314     349.154105715559
                   2                    0                  3.7                    0     1.36326506739838     348.341044037804
                   2                    0                  3.7                    0     1.36362778124362     347.527982360048
                   2                    0                  3.7                    0     1.36399049508886     346.714920682292
                   2                    0                  3.7                    0      1.3643532089341     345.901859004537
                   2                    0                  3.7                    0     1.36471592277934     345.088797326781
                   2                    0                  3.7                    0     1.36507863662458     344.275735649026
    1.45963527287523     4.56292868435722                  3.7                    0     1.36544135046982      343.46267397127
    1.99999999999994                    0                6.359                    0    0.296827337729581     295.019411710864
    1.47093460279029    0.758781811388604                6.359                    0     0.29595319971704     271.382436701668
    1.99999999999994                    0                  3.7                    0     1.23028743797249    0.267122318691614
                   2                    0                  3.7                    0     1.23031651616336     21.3456829791608
                   2                    0                  3.7                    0     1.23034559435424     42.4242436396299
                   2                    0                  3.7                    0     1.23037467254511     63.5028043000991
                   2                    0                  3.7                    0     1.23040375073598     84.5813649605682
                   2                    0                  3.7                    0     1.23043282892685     105.659925621037
                   2                    0                  3.7                    0     1.23046190711772     126.738486281507
                   2                    0                  3.7                    0     1.23049098530859     147.817046941976
                   2                    0                  3.7                    0     1.23052006349946     168.895607602445
                   2                    0                  3.7                    0     1.23054914169034     189.974168262914
                   2                    0                  3.7                    0     1.23057821988121     211.052728923383
                   2                    0                  3.7                    0     1.23060729807208     232.131289583852
                   2                    0                  3.7                    0     1.23063637626295     253.209850244321
                   2                    0                  3.7                    0     1.23066545445382     274.288410904791
                   2                    0                  3.7                    0     1.23069453264469      295.36697156526
                   2                    0                  3.7                    0     1.23072361083556     316.445532225729
                   2                    0                  3.7                    0     1.23075268902644     337.524092886198
   0.882805381393382   0.0727559135235399                  3.7                    0     1.23078176721731     358.602653546667
    1.99999999999994                    0                6.359                    0    0.301612181007368     138.482262174475
                   2                    0                6.359                    0     0.30232892818768     135.752840288518
                   2                    0                6.359                    0    0.303045675367992      133.02341840256
                   2                    0                6.359                    0    0.303762422548303     130.293996516603
                   2                    0                6.359                    0    0.304479169728615     127.564574630645
                   2                    0                6.359                    0    0.305195916908927     124.835152744687
   0.503562644966109   0.0660055707089752                6.359                    0    0.305912664089238      122.10573085873
    1.99999999999994                    0                  3.7                    0     1.23043956368166     358.985394727537
                   2                    0                  3.7                    0     1.23041808752906      358.96696545931
                   2                    0                  3.7                    0     1.23039661137647     358.948536191084
                   2                    0                  3.7                    0     1.23037513522387     358.930106922857
                   2                    0                  3.7                    0     1.23035365907127     358.911677654631
                   2                    0                  3.7                    0     1.23033218291868     358.893248386404
                   2                    0                  3.7                    0     1.23031070676608     358.874819118177
                   2                    0                  3.7                    0     1.23028923061348     358.856389849951
                   2                    0                  3.7                    0     1.23026775446089     358.837960581724
                   2                    0                  3.7                    0     1.23024627830829     358.819531313497
                   2                    0                  3.7                    0      1.2302248021557     358.801102045271
                   2                    0                  3.7                    0      1.2302033260031     358.782672777044
                   2                    0                  3.7                    0      1.2301818498505     358.764243508817
                   2                    0                  3.7                    0     1.23016037369791     358.745814240591
                   2                    0                  3.7                    0     1.23013889754531     358.727384972364
                   2                    0                  3.7                    0     1.23011742139271     358.708955704137
                   2                    0                  3.7                    0     1.23009594524012     358.690526435911
                   2                    0                  3.7                    0     1.23007446908752     358.672097167684
    1.64158908010654     4.71675788077425                  3.7                    0     1.23005299293492     358.653667899457
    1.99999999999994                    0                6.359                    0    0.286820821135877     184.098581825728
    1.72382491705275    0.172857649828059                6.359                    0    0.287313234029228     187.775594061371
    1.99999999999994                    0                  3.7                    0     1.23011783153924     334.832627324872
                   2                    0                  3.7                    0     1.23012327103222     336.170056146276
                   2                    0                  3.7                    0      1.2301287105252      337.50748496768
                   2                    0                  3.7                    0     1.23013415001819     338.844913789085
                   2                    0                  3.7                    0     1.23013958951117     340.182342610489
                   2                    0                  3.7                    0     1.23014502900415     341.519771431893
                   2                    0                  3.7                    0     1.23015046849713     342.857200253298
                   2                    0                  3.7                    0     1.23015590799012     344.194629074702
                   2                    0                  3.7                    0      1.2301613474831     345.532057896106
                   2                    0                  3.7                    0     1.23016678697608     346.869486717511
                   2                    0                  3.7                    0     1.23017222646907     348.206915538915
                   2                    0                  3.7                    0     1.23017766596205      349.54434436032
                   2                    0                  3.7                    0     1.23018310545503     350.881773181724
                   2                    0                  3.7                    0     1.23018854494801     352.219202003128
                   2                    0                  3.7                    0       1.230193984441     353.556630824533
                   2                    0                  3.7                    0     1.23019942393398     354.894059645937
                   2                    0                  3.7                    0     1.23020486342696     356.231488467341
                   2                    0                  3.7                    0     1.23021030291994     357.568917288746
    1.97072620319614    0.352861590975744                  3.7                    0     1.23021574241293      358.90634611015
    1.99999999999994                    0                6.359                    0     0.31309183438575      162.09630755581
                   2                    0                6.359                    0    0.313199142193774     162.833470406715
                   2                    0                6.359                    0    0.313306450001797     163.570633257619
                   2                    0                6.359                    0    0.313413757809821     164.307796108524
                   2                    0                6.359                    0    0.313521065617844     165.044958959428
                   2                    0                6.359                    0    0.313628373425867     165.782121810333
    0.69884789284697     4.97773738143226                6.359                    0    0.313735681233891     166.519284661237
    1.99999999999994                    0                  3.7                    0     1.23019435483001     358.908192177173
                   2                    0                  3.7                    0     1.23018289731002     358.912967800085
                   2                    0                  3.7                    0     1.23017143979002     358.917743422996
                   2                    0                  3.7                    0     1.23015998227003     358.922519045908
    2.00000000000006                    0                  3.7                    0     1.23014852475004      358.92729466882
                   2                    0                  3.7                    0     1.23013706723005     358.932070291731
                   2                    0                  3.7                    0     1.23012560971005     358.936845914643
                   2                    0                  3.7                    0     1.23011415219006     358.941621537554
                   2                    0                  3.7                    0     1.23010269467007     358.946397160466
                   2                    0                  3.7                    0     1.23009123715008     358.951172783378
                   2                    0                  3.7                    0     1.23007977963008     358.955948406289
                   2                    0                  3.7                    0     1.23006832211009     358.960724029201
                   2                    0                  3.7                    0      1.2300568645901     358.965499652112
                   2                    0                  3.7                    0     1.23004540707011     358.970275275024
                   2                    0                  3.7                    0     1.23003394955011     358.975050897936
                   2                    0                  3.7                    0     1.23002249203012     358.979826520847
   0.314807598194875    0.299164298081833                  3.7                    0     1.23001103451013     358.984602143759
                   2                    0                6.359                    0    0.314399132383781     185.030461516551
                   2                    0                6.359                    0    0.312891941852493     179.258559278591
   0.247712082108137   0.0793175634223693                6.359                    0    0.311384751321205     173.486657040631
                   2                    0                  3.7                    0     1.23013227810206     358.739767280548
                   2                    0                  3.7                    0     1.23012830025124     358.748032380532
                   2                    0                  3.7                    0     1.23012432240042     358.756297480516
                   2                    0                  3.7                    0      1.2301203445496     358.764562580501
                   2                    0                  3.7                    0     1.23011636669878     358.772827680485
                   2                    0                  3.7                    0     1.23011238884796     358.781092780469
                   2                    0                  3.7                    0     1.23010841099714     358.789357880454
                   2                    0                  3.7                    0     1.23010443314632     358.797622980438
                   2                    0                  3.7                    0     1.23010045529551     358.805888080422
                   2                    0                  3.7                    0     1.23009647744469     358.814153180406
                   2                    0                  3.7                    0     1.23009249959387     358.822418280391
                   2                    0                  3.7                    0     1.23008852174305     358.830683380375
                   2                    0                  3.7                    0     1.23008454389223     358.838948480359
                   2                    0                  3.7                    0     1.23008056604141     358.847213580344
                   2                    0                  3.7                    0     1.23007658819059     358.855478680328
                   2                    0                  3.7                    0     1.23007261033977     358.863743780312
   0.306275445412098    0.173734610544446                  3.7                    0     1.23006863248895     358.872008880297
    1.99999999999989                    0                6.359                    0    0.314426579588578     170.166729216675
                   2                    0                6.359                    0    0.314374298503211      170.20249537844
                   2                    0                6.359                    0    0.314322017417844     170.238261540205
                   2                    0                6.359                    0    0.314269736332477      170.27402770197
                   2                    0                6.359                    0     0.31421745524711     170.309793863735
                   2                    0                6.359                    0    0.314165174161743       170.3455600255
   0.698658073903971    0.171153353404352                6.359                    0    0.314112893076376     170.381326187265
    1.99999999999989                    0                  3.7                    0     1.23000270265769     358.951173924041
                   2                    0                  3.7                    0     1.23000553937331      358.95375006018
                   2                    0                  3.7                    0     1.23000837608894      358.95632619632
                   2                    0                  3.7                    0     1.23001121280457      358.95890233246
                   2                    0                  3.7                    0     1.23001404952019       358.9614784686
                   2                    0                  3.7                    0     1.23001688623582      358.96405460474
                   2                    0                  3.7                    0     1.23001972295145      358.96663074088
                   2                    0                  3.7                    0     1.23002255966707      358.96920687702
                   2                    0                  3.7                    0      1.2300253963827      358.97178301316
                   2                    0                  3.7                    0     1.23002823309833       358.9743591493
                   2                    0                  3.7                    0     1.23003106981395      358.97693528544
                   2                    0                  3.7                    0     1.23003390652958      358.97951142158
                   2                    0                  3.7                    0     1.23003674324521      358.98208755772
                   2                    0                  3.7                    0     1.23003957996084      358.98466369386
                   2                    0                  3.7                    0     1.23004241667646         358.98723983
                   2                    0                  3.7                    0     1.23004525339209     358.989815966139
   0.306351716774316     4.96756407329013                  3.7                    0     1.23004809010772     358.992392102279
    1.99999999999989                    0                6.359                    0    0.311579460720775     153.389649544498
                   2                    0                6.359                    0    0.307631181048272     161.170616082816
   0.247210399101391   0.0385816007033901                6.359                    0    0.303682901375769     168.951582621134
    1.99999999999989                    0                  3.7                    0     1.23012544958523     358.725903077989
                   2                    0                  3.7                    0      1.2301514072754     358.100729675187
                   2                    0                  3.7                    0     1.23017736496557     357.475556272385
                   2                    0                  3.7                    0     1.23020332265573     356.850382869583
                   2                    0                  3.7                    0      1.2302292803459     356.225209466781
                   2                    0                  3.7                    0     1.23025523803607     355.600036063979
                   2                    0                  3.7                    0     1.23028119572624     354.974862661177
                   2                    0                  3.7                    0     1.23030715341641     354.349689258375
                   2                    0                  3.7                    0     1.23033311110658     353.724515855573
                   2                    0                  3.7                    0     1.23035906879675     353.099342452772
                   2                    0                  3.7                    0     1.23038502648692      352.47416904997
                   2                    0                  3.7                    0     1.23041098417708     351.848995647168
                   2                    0                  3.7                    0     1.23043694186725     351.223822244366
                   2                    0                  3.7                    0     1.23046289955742     350.598648841564
                   2                    0                  3.7                    0     1.23048885724759     349.973475438762
                   2                    0                  3.7                    0     1.23051481493776      349.34830203596
    1.97870856701616     4.96443705915472                  3.7                    0     1.23054077262793     348.723128633158
    1.99999999999989                    0                6.359                    0    0.286222361362172     297.027377247065
                   2                    0                6.359                    0    0.290920298672022     308.163628034725
                   2                    0                6.359                    0    0.295618235981871     319.299878822386
                   2                    0                6.359                    0    0.300316173291721     330.436129610046
                   2                    0                6.359                    0     0.30501411060157     341.572380397707
    1.12808103147449     4.96268931231462                6.359                    0     0.30971204791142     352.708631185367
                   0                    0                    0                    0                    0     352.708631185367
