#      z (A) rho (1e-6/A2) irho (1e-6/A2) rhoM (1e-6/A2) theta (degrees)
-10.00000000   3.54000000   0.00000000   0.00000000 358.96350479
  0.00000000   3.54000000   0.00000000   0.00000000 358.96350479
  0.00000000   3.70000000   0.00000000   1.36528095 358.96350479
  2.00000000   3.70000000   0.00000000   1.36528095 358.96350479
  2.00000000   3.70000000   0.00000000   1.35817200 348.21676331
  4.00000000   3.70000000   0.00000000   1.35817200 348.21676331
  4.00000000   3.70000000   0.00000000   1.35106305 337.47002182
  6.00000000   3.70000000   0.00000000   1.35106305 337.47002182
  6.00000000   3.70000000   0.00000000   1.34395410 326.72328034
  8.00000000   3.70000000   0.00000000   1.34395410 326.72328034
  8.00000000   3.70000000   0.00000000   1.33684516 315.97653885
 10.00000000   3.70000000   0.00000000   1.33684516 315.97653885
 10.00000000   3.70000000   0.00000000   1.32973621 305.22979736
 12.00000000   3.70000000   0.00000000   1.32973621 305.22979736
 12.00000000   3.70000000   0.00000000   1.32262726 294.48305588
 14.00000000   3.70000000   0.00000000   1.32262726 294.48305588
 14.00000000   3.70000000   0.00000000   1.31551831 283.73631439
 16.00000000   3.70000000   0.00000000   1.31551831 283.73631439
 16.00000000   3.70000000   0.00000000   1.30840937 272.98957291
 18.00000000   3.70000000   0.00000000   1.30840937 272.98957291
 18.00000000   3.70000000   0.00000000   1.30130042 262.24283142
 20.00000000   3.70000000   0.00000000   1.30130042 262.24283142
 20.00000000   3.70000000   0.00000000   1.29419147 251.49608994
 22.00000000   3.70000000   0.00000000   1.29419147 251.49608994
 22.00000000   3.70000000   0.00000000   1.28708252 240.74934845
 24.00000000   3.70000000   0.00000000   1.28708252 240.74934845
 24.00000000   3.70000000   0.00000000   1.27997358 230.00260696
 26.00000000   3.70000000   0.00000000   1.27997358 230.00260696
 26.00000000   3.70000000   0.00000000   1.27286463 219.25586548
 28.00000000   3.70000000   0.00000000   1.27286463 219.25586548
 28.00000000   3.70000000   0.00000000   1.26575568 208.50912399
 30.00000000   3.70000000   0.00000000   1.26575568 208.50912399
 30.00000000   3.70000000   0.00000000   1.25864673 197.76238251
 32.00000000   3.70000000   0.00000000   1.25864673 197.76238251
 32.00000000   3.70000000   0.00000000   1.25153779 187.01564102
 34.00000000   3.70000000   0.00000000   1.25153779 187.01564102
 34.00000000   3.70000000   0.00000000   1.24442884 176.26889954
 36.00000000   3.70000000   0.00000000   1.24442884 176.26889954
 36.00000000   3.70000000   0.00000000   1.23731989 165.52215805
 38.00000000   3.70000000   0.00000000   1.23731989 165.52215805
 38.00000000   3.70000000   0.00000000   1.23021094 154.77541656
 39.47458553   3.70000000   0.00000000   1.23021094 154.77541656
 39.47458553   6.35900000   0.00000000   0.31305578  62.50254344
 41.47458553   6.35900000   0.00000000   0.31305578  62.50254344
 41.47458553   6.35900000   0.00000000   0.31272387  63.01673140
 43.47458553   6.35900000   0.00000000   0.31272387  63.01673140
 43.47458553   6.35900000   0.00000000   0.31239197  63.53091936
 45.47458553   6.35900000   0.00000000   0.31239197  63.53091936
 45.47458553   6.35900000   0.00000000   0.31206006  64.04510732
 47.47458553   6.35900000   0.00000000   0.31206006  64.04510732
 47.47458553   6.35900000   0.00000000   0.31172815  64.55929528
 49.47458553   6.35900000   0.00000000   0.31172815  64.55929528
 49.47458553   6.35900000   0.00000000   0.31139625  65.07348324
 51.47458553   6.35900000   0.00000000   0.31139625  65.07348324
 51.47458553   6.35900000   0.00000000   0.31106434  65.58767120
 52.17171723   6.35900000   0.00000000   0.31106434  65.58767120
 52.17171723   3.70000000   0.00000000   1.36818009 358.99672563
 54.17171723   3.70000000   0.00000000   1.36818009 358.99672563
 54.17171723   3.70000000   0.00000000   1.36817201 358.99149758
 56.17171723   3.70000000   0.00000000   1.36817201 358.99149758
 56.17171723   3.70000000   0.00000000   1.36816392 358.98626952
 58.17171723   3.70000000   0.00000000   1.36816392 358.98626952
 58.17171723   3.70000000   0.00000000   1.36815584 358.98104146
 60.17171723   3.70000000   0.00000000   1.36815584 358.98104146
 60.17171723   3.70000000   0.00000000   1.36814775 358.97581341
 62.17171723   3.70000000   0.00000000   1.36814775 358.97581341
 62.17171723   3.70000000   0.00000000   1.36813967 358.97058535
 64.17171723   3.70000000   0.00000000   1.36813967 358.97058535
 64.17171723   3.70000000   0.00000000   1.36813158 358.96535729
 66.17171723   3.70000000   0.00000000   1.36813158 358.96535729
 66.17171723   3.70000000   0.00000000   1.36812350 358.96012924
 68.17171723   3.70000000   0.00000000   1.36812350 358.96012924
 68.17171723   3.70000000   0.00000000   1.36811541 358.95490118
 70.17171723   3.70000000   0.00000000   1.36811541 358.95490118
 70.17171723   3.70000000   0.00000000   1.36810733 358.94967312
 72.17171723   3.70000000   0.00000000   1.36810733 358.94967312
 72.17171723   3.70000000   0.00000000   1.36809924 358.94444507
 74.17171723   3.70000000   0.00000000   1.36809924 358.94444507
 74.17171723   3.70000000   0.00000000   1.36809116 358.93921701
 76.17171723   3.70000000   0.00000000   1.36809116 358.93921701
 76.17171723   3.70000000   0.00000000   1.36808307 358.93398896
 78.17171723   3.70000000   0.00000000   1.36808307 358.93398896
 78.17171723   3.70000000   0.00000000   1.36807499 358.92876090
 80.17171723   3.70000000   0.00000000   1.36807499 358.92876090
 80.17171723   3.70000000   0.00000000   1.36806690 358.92353284
 82.17171723   3.70000000   0.00000000   1.36806690 358.92353284
 82.17171723   3.70000000   0.00000000   1.36805882 358.91830479
 84.17171723   3.70000000   0.00000000   1.36805882 358.91830479
 84.17171723   3.70000000   0.00000000   1.36805073 358.91307673
 86.17171723   3.70000000   0.00000000   1.36805073 358.91307673
 86.17171723   3.70000000   0.00000000   1.36804265 358.90784867
 88.17171723   3.70000000   0.00000000   1.36804265 358.90784867
 88.17171723   3.70000000   0.00000000   1.36803456 358.90262062
 90.17171723   3.70000000   0.00000000   1.36803456 358.90262062
 90.17171723   3.70000000   0.00000000   1.36802648 358.89739256
 90.68610234   3.70000000   0.00000000   1.36802648 358.89739256
 90.68610234   6.35900000   0.00000000   0.30065505   2.82936501
 92.68610234   6.35900000   0.00000000   0.30065505   2.82936501
 92.68610234   6.35900000   0.00000000   0.29857796 351.44532669
 94.60873503   6.35900000   0.00000000   0.29857796 351.44532669
 94.60873503   3.70000000   0.00000000   1.23018659 358.92456300
 96.60873503   3.70000000   0.00000000   1.23018659 358.92456300
 96.60873503   3.70000000   0.00000000   1.23018141 352.58466246
 98.60873503   3.70000000   0.00000000   1.23018141 352.58466246
 98.60873503   3.70000000   0.00000000   1.23017623 346.24476191
100.60873503   3.70000000   0.00000000   1.23017623 346.24476191
100.60873503   3.70000000   0.00000000   1.23017105 339.90486137
102.60873503   3.70000000   0.00000000   1.23017105 339.90486137
102.60873503   3.70000000   0.00000000   1.23016587 333.56496083
104.60873503   3.70000000   0.00000000   1.23016587 333.56496083
104.60873503   3.70000000   0.00000000   1.23016069 327.22506028
106.60873503   3.70000000   0.00000000   1.23016069 327.22506028
106.60873503   3.70000000   0.00000000   1.23015551 320.88515974
108.60873503   3.70000000   0.00000000   1.23015551 320.88515974
108.60873503   3.70000000   0.00000000   1.23015033 314.54525920
110.60873503   3.70000000   0.00000000   1.23015033 314.54525920
110.60873503   3.70000000   0.00000000   1.23014516 308.20535865
112.60873503   3.70000000   0.00000000   1.23014516 308.20535865
112.60873503   3.70000000   0.00000000   1.23013998 301.86545811
114.60873503   3.70000000   0.00000000   1.23013998 301.86545811
114.60873503   3.70000000   0.00000000   1.23013480 295.52555757
116.60873503   3.70000000   0.00000000   1.23013480 295.52555757
116.60873503   3.70000000   0.00000000   1.23012962 289.18565702
118.60873503   3.70000000   0.00000000   1.23012962 289.18565702
118.60873503   3.70000000   0.00000000   1.23012444 282.84575648
120.60873503   3.70000000   0.00000000   1.23012444 282.84575648
120.60873503   3.70000000   0.00000000   1.23011926 276.50585594
122.60873503   3.70000000   0.00000000   1.23011926 276.50585594
122.60873503   3.70000000   0.00000000   1.23011408 270.16595539
124.60873503   3.70000000   0.00000000   1.23011408 270.16595539
124.60873503   3.70000000   0.00000000   1.23010890 263.82605485
126.60873503   3.70000000   0.00000000   1.23010890 263.82605485
126.60873503   3.70000000   0.00000000   1.23010372 257.48615431
128.60873503   3.70000000   0.00000000   1.23010372 257.48615431
128.60873503   3.70000000   0.00000000   1.23009855 251.14625376
130.60873503   3.70000000   0.00000000   1.23009855 251.14625376
130.60873503   3.70000000   0.00000000   1.23009337 244.80635322
132.04643362   3.70000000   0.00000000   1.23009337 244.80635322
132.04643362   6.35900000   0.00000000   0.31263035 129.07809209
134.04643362   6.35900000   0.00000000   0.31263035 129.07809209
134.04643362   6.35900000   0.00000000   0.31248778 128.17010290
136.04643362   6.35900000   0.00000000   0.31248778 128.17010290
136.04643362   6.35900000   0.00000000   0.31234520 127.26211371
138.04643362   6.35900000   0.00000000   0.31234520 127.26211371
138.04643362   6.35900000   0.00000000   0.31220263 126.35412453
140.04643362   6.35900000   0.00000000   0.31220263 126.35412453
140.04643362   6.35900000   0.00000000   0.31206005 125.44613534
142.04643362   6.35900000   0.00000000   0.31206005 125.44613534
142.04643362   6.35900000   0.00000000   0.31191748 124.53814615
144.04643362   6.35900000   0.00000000   0.31191748 124.53814615
144.04643362   6.35900000   0.00000000   0.31177491 123.63015696
144.24875622   6.35900000   0.00000000   0.31177491 123.63015696
144.24875622   3.70000000   0.00000000   1.23053001 358.93702290
146.24875622   3.70000000   0.00000000   1.23053001 358.93702290
146.24875622   3.70000000   0.00000000   1.23053929 358.93686290
148.24875622   3.70000000   0.00000000   1.23053929 358.93686290
148.24875622   3.70000000   0.00000000   1.23054857 358.93670289
150.24875622   3.70000000   0.00000000   1.23054857 358.93670289
150.24875622   3.70000000   0.00000000   1.23055785 358.93654289
152.24875622   3.70000000   0.00000000   1.23055785 358.93654289
152.24875622   3.70000000   0.00000000   1.23056713 358.93638289
154.24875622   3.70000000   0.00000000   1.23056713 358.93638289
154.24875622   3.70000000   0.00000000   1.23057641 358.93622288
156.24875622   3.70000000   0.00000000   1.23057641 358.93622288
156.24875622   3.70000000   0.00000000   1.23058569 358.93606288
158.24875622   3.70000000   0.00000000   1.23058569 358.93606288
158.24875622   3.70000000   0.00000000   1.23059497 358.93590288
160.24875622   3.70000000   0.00000000   1.23059497 358.93590288
160.24875622   3.70000000   0.00000000   1.23060425 358.93574287
162.24875622   3.70000000   0.00000000   1.23060425 358.93574287
162.24875622   3.70000000   0.00000000   1.23061353 358.93558287
164.24875622   3.70000000   0.00000000   1.23061353 358.93558287
164.24875622   3.70000000   0.00000000   1.23062281 358.93542287
166.24875622   3.70000000   0.00000000   1.23062281 358.93542287
166.24875622   3.70000000   0.00000000   1.23063209 358.93526286
168.24875622   3.70000000   0.00000000   1.23063209 358.93526286
168.24875622   3.70000000   0.00000000   1.23064137 358.93510286
170.24875622   3.70000000   0.00000000   1.23064137 358.93510286
170.24875622   3.70000000   0.00000000   1.23065065 358.93494286
172.24875622   3.70000000   0.00000000   1.23065065 358.93494286
172.24875622   3.70000000   0.00000000   1.23065993 358.93478285
174.24875622   3.70000000   0.00000000   1.23065993 358.93478285
174.24875622   3.70000000   0.00000000   1.23066921 358.93462285
176.24875622   3.70000000   0.00000000   1.23066921 358.93462285
176.24875622   3.70000000   0.00000000   1.23067849 358.93446285
178.24875622   3.70000000   0.00000000   1.23067849 358.93446285
178.24875622   3.70000000   0.00000000   1.23068777 358.93430284
180.24875622   3.70000000   0.00000000   1.23068777 358.93430284
180.24875622   3.70000000   0.00000000   1.23069705 358.93414284
181.79279256   3.70000000   0.00000000   1.23069705 358.93414284
181.79279256   6.35900000   0.00000000   0.28553825 130.69924689
183.79279256   6.35900000   0.00000000   0.28553825 130.69924689
183.79279256   6.35900000   0.00000000   0.29602187 110.14229465
185.26317174   6.35900000   0.00000000   0.29602187 110.14229465
185.26317174   3.70000000   0.00000000   1.23024048 358.82892898
187.26317174   3.70000000   0.00000000   1.23024048 358.82892898
187.26317174   3.70000000   0.00000000   1.23030560 347.78169900
189.26317174   3.70000000   0.00000000   1.23030560 347.78169900
189.26317174   3.70000000   0.00000000   1.23037071 336.73446902
191.26317174   3.70000000   0.00000000   1.23037071 336.73446902
191.26317174   3.70000000   0.00000000   1.23043583 325.68723904
193.26317174   3.70000000   0.00000000   1.23043583 325.68723904
193.26317174   3.70000000   0.00000000   1.23050095 314.64000907
195.26317174   3.70000000   0.00000000   1.23050095 314.64000907
195.26317174   3.70000000   0.00000000   1.23056606 303.59277909
197.26317174   3.70000000   0.00000000   1.23056606 303.59277909
197.26317174   3.70000000   0.00000000   1.23063118 292.54554911
199.26317174   3.70000000   0.00000000   1.23063118 292.54554911
199.26317174   3.70000000   0.00000000   1.23069630 281.49831913
201.26317174   3.70000000   0.00000000   1.23069630 281.49831913
201.26317174   3.70000000   0.00000000   1.23076142 270.45108915
203.26317174   3.70000000   0.00000000   1.23076142 270.45108915
203.26317174   3.70000000   0.00000000   1.23082653 259.40385918
205.26317174   3.70000000   0.00000000   1.23082653 259.40385918
205.26317174   3.70000000   0.00000000   1.23089165 248.35662920
207.26317174   3.70000000   0.00000000   1.23089165 248.35662920
207.26317174   3.70000000   0.00000000   1.23095677 237.30939922
209.26317174   3.70000000   0.00000000   1.23095677 237.30939922
209.26317174   3.70000000   0.00000000   1.23102188 226.26216924
211.26317174   3.70000000   0.00000000   1.23102188 226.26216924
211.26317174   3.70000000   0.00000000   1.23108700 215.21493927
213.26317174   3.70000000   0.00000000   1.23108700 215.21493927
213.26317174   3.70000000   0.00000000   1.23115212 204.16770929
215.26317174   3.70000000   0.00000000   1.23115212 204.16770929
215.26317174   3.70000000   0.00000000   1.23121723 193.12047931
217.26317174   3.70000000   0.00000000   1.23121723 193.12047931
217.26317174   3.70000000   0.00000000   1.23128235 182.07324933
219.26317174   3.70000000   0.00000000   1.23128235 182.07324933
219.26317174   3.70000000   0.00000000   1.23134747 171.02601935
221.26317174   3.70000000   0.00000000   1.23134747 171.02601935
221.26317174   3.70000000   0.00000000   1.23141258 159.97878938
223.04676945   3.70000000   0.00000000   1.23141258 159.97878938
223.04676945   6.35900000   0.00000000   0.31195352 222.71887149
225.04676945   6.35900000   0.00000000   0.31195352 222.71887149
225.04676945   6.35900000   0.00000000   0.31145135 220.05653690
227.04676945   6.35900000   0.00000000   0.31145135 220.05653690
227.04676945   6.35900000   0.00000000   0.31094918 217.39420231
229.04676945   6.35900000   0.00000000   0.31094918 217.39420231
229.04676945   6.35900000   0.00000000   0.31044700 214.73186772
231.04676945   6.35900000   0.00000000   0.31044700 214.73186772
231.04676945   6.35900000   0.00000000   0.30994483 212.06953313
233.04676945   6.35900000   0.00000000   0.30994483 212.06953313
233.04676945   6.35900000   0.00000000   0.30944265 209.40719854
233.34702192   6.35900000   0.00000000   0.30944265 209.40719854
233.34702192   3.70000000   0.00000000   1.36591527 171.55498930
235.34702192   3.70000000   0.00000000   1.36591527 171.55498930
235.34702192   3.70000000   0.00000000   1.35798015 174.23248627
237.34702192   3.70000000   0.00000000   1.35798015 174.23248627
237.34702192   3.70000000   0.00000000   1.35004503 176.90998324
239.34702192   3.70000000   0.00000000   1.35004503 176.90998324
239.34702192   3.70000000   0.00000000   1.34210991 179.58748021
241.34702192   3.70000000   0.00000000   1.34210991 179.58748021
241.34702192   3.70000000   0.00000000   1.33417479 182.26497717
243.34702192   3.70000000   0.00000000   1.33417479 182.26497717
243.34702192   3.70000000   0.00000000   1.32623968 184.94247414
245.34702192   3.70000000   0.00000000   1.32623968 184.94247414
245.34702192   3.70000000   0.00000000   1.31830456 187.61997111
247.34702192   3.70000000   0.00000000   1.31830456 187.61997111
247.34702192   3.70000000   0.00000000   1.31036944 190.29746808
249.34702192   3.70000000   0.00000000   1.31036944 190.29746808
249.34702192   3.70000000   0.00000000   1.30243432 192.97496505
251.34702192   3.70000000   0.00000000   1.30243432 192.97496505
251.34702192   3.70000000   0.00000000   1.29449920 195.65246201
253.34702192   3.70000000   0.00000000   1.29449920 195.65246201
253.34702192   3.70000000   0.00000000   1.28656408 198.32995898
255.34702192   3.70000000   0.00000000   1.28656408 198.32995898
255.34702192   3.70000000   0.00000000   1.27862896 201.00745595
257.34702192   3.70000000   0.00000000   1.27862896 201.00745595
257.34702192   3.70000000   0.00000000   1.27069385 203.68495292
259.34702192   3.70000000   0.00000000   1.27069385 203.68495292
259.34702192   3.70000000   0.00000000   1.26275873 206.36244988
261.34702192   3.70000000   0.00000000   1.26275873 206.36244988
261.34702192   3.70000000   0.00000000   1.25482361 209.03994685
263.34702192   3.70000000   0.00000000   1.25482361 209.03994685
263.34702192   3.70000000   0.00000000   1.24688849 211.71744382
265.34702192   3.70000000   0.00000000   1.24688849 211.71744382
265.34702192   3.70000000   0.00000000   1.23895337 214.39494079
267.34702192   3.70000000   0.00000000   1.23895337 214.39494079
267.34702192   3.70000000   0.00000000   1.23101825 217.07243775
268.61360751   3.70000000   0.00000000   1.23101825 217.07243775
268.61360751   6.35900000   0.00000000   0.28893387   1.94350364
270.61360751   6.35900000   0.00000000   0.28893387   1.94350364
270.61360751   6.35900000   0.00000000   0.29487235   2.06339664
272.08434509   6.35900000   0.00000000   0.29487235   2.06339664
272.08434509   3.70000000   0.00000000   1.24381414 358.42907697
274.08434509   3.70000000   0.00000000   1.24381414 358.42907697
274.08434509   3.70000000   0.00000000   1.24306817 354.06216115
276.08434509   3.70000000   0.00000000   1.24306817 354.06216115
276.08434509   3.70000000   0.00000000   1.24232219 349.69524533
278.08434509   3.70000000   0.00000000   1.24232219 349.69524533
278.08434509   3.70000000   0.00000000   1.24157622 345.32832952
280.08434509   3.70000000   0.00000000   1.24157622 345.32832952
280.08434509   3.70000000   0.00000000   1.24083025 340.96141370
282.08434509   3.70000000   0.00000000   1.24083025 340.96141370
282.08434509   3.70000000   0.00000000   1.24008427 336.59449788
284.08434509   3.70000000   0.00000000   1.24008427 336.59449788
284.08434509   3.70000000   0.00000000   1.23933830 332.22758206
286.08434509   3.70000000   0.00000000   1.23933830 332.22758206
286.08434509   3.70000000   0.00000000   1.23859232 327.86066625
288.08434509   3.70000000   0.00000000   1.23859232 327.86066625
288.08434509   3.70000000   0.00000000   1.23784635 323.49375043
290.08434509   3.70000000   0.00000000   1.23784635 323.49375043
290.08434509   3.70000000   0.00000000   1.23710037 319.12683461
292.08434509   3.70000000   0.00000000   1.23710037 319.12683461
292.08434509   3.70000000   0.00000000   1.23635440 314.75991879
294.08434509   3.70000000   0.00000000   1.23635440 314.75991879
294.08434509   3.70000000   0.00000000   1.23560843 310.39300298
296.08434509   3.70000000   0.00000000   1.23560843 310.39300298
296.08434509   3.70000000   0.00000000   1.23486245 306.02608716
298.08434509   3.70000000   0.00000000   1.23486245 306.02608716
298.08434509   3.70000000   0.00000000   1.23411648 301.65917134
300.08434509   3.70000000   0.00000000   1.23411648 301.65917134
300.08434509   3.70000000   0.00000000   1.23337050 297.29225552
302.08434509   3.70000000   0.00000000   1.23337050 297.29225552
302.08434509   3.70000000   0.00000000   1.23262453 292.92533971
304.08434509   3.70000000   0.00000000   1.23262453 292.92533971
304.08434509   3.70000000   0.00000000   1.23187855 288.55842389
306.08434509   3.70000000   0.00000000   1.23187855 288.55842389
306.08434509   3.70000000   0.00000000   1.23113258 284.19150807
308.08434509   3.70000000   0.00000000   1.23113258 284.19150807
308.08434509   3.70000000   0.00000000   1.23038661 279.82459225
310.07375589   3.70000000   0.00000000   1.23038661 279.82459225
310.07375589   6.35900000   0.00000000   0.30154523 197.14417276
312.07375589   6.35900000   0.00000000   0.30154523 197.14417276
312.07375589   6.35900000   0.00000000   0.29955996 194.07774759
314.07375589   6.35900000   0.00000000   0.29955996 194.07774759
314.07375589   6.35900000   0.00000000   0.29757469 191.01132242
316.07375589   6.35900000   0.00000000   0.29757469 191.01132242
316.07375589   6.35900000   0.00000000   0.29558943 187.94489726
318.07375589   6.35900000   0.00000000   0.29558943 187.94489726
318.07375589   6.35900000   0.00000000   0.29360416 184.87847209
320.07375589   6.35900000   0.00000000   0.29360416 184.87847209
320.07375589   6.35900000   0.00000000   0.29161889 181.81204692
320.37600427   6.35900000   0.00000000   0.29161889 181.81204692
320.37600427   3.70000000   0.00000000   1.35854979 358.91084585
322.37600427   3.70000000   0.00000000   1.35854979 358.91084585
322.37600427   3.70000000   0.00000000   1.35891250 358.09778417
324.37600427   3.70000000   0.00000000   1.35891250 358.09778417
324.37600427   3.70000000   0.00000000   1.35927522 357.28472249
326.37600427   3.70000000   0.00000000   1.35927522 357.28472249
326.37600427   3.70000000   0.00000000   1.35963793 356.47166082
328.37600427   3.70000000   0.00000000   1.35963793 356.47166082
328.37600427   3.70000000   0.00000000   1.36000064 355.65859914
330.37600427   3.70000000   0.00000000   1.36000064 355.65859914
330.37600427   3.70000000   0.00000000   1.36036336 354.84553746
332.37600427   3.70000000   0.00000000   1.36036336 354.84553746
332.37600427   3.70000000   0.00000000   1.36072607 354.03247578
334.37600427   3.70000000   0.00000000   1.36072607 354.03247578
334.37600427   3.70000000   0.00000000   1.36108878 353.21941410
336.37600427   3.70000000   0.00000000   1.36108878 353.21941410
336.37600427   3.70000000   0.00000000   1.36145150 352.40635243
338.37600427   3.70000000   0.00000000   1.36145150 352.40635243
338.37600427   3.70000000   0.00000000   1.36181421 351.59329075
340.37600427   3.70000000   0.00000000   1.36181421 351.59329075
340.37600427   3.70000000   0.00000000   1.36217693 350.78022907
342.37600427   3.70000000   0.00000000   1.36217693 350.78022907
342.37600427   3.70000000   0.00000000   1.36253964 349.96716739
344.37600427   3.70000000   0.00000000   1.36253964 349.96716739
344.37600427   3.70000000   0.00000000   1.36290235 349.15410572
346.37600427   3.70000000   0.00000000   1.36290235 349.15410572
346.37600427   3.70000000   0.00000000   1.36326507 348.34104404
348.37600427   3.70000000   0.00000000   1.36326507 348.34104404
348.37600427   3.70000000   0.00000000   1.36362778 347.52798236
350.37600427   3.70000000   0.00000000   1.36362778 347.52798236
350.37600427   3.70000000   0.00000000   1.36399050 346.71492068
352.37600427   3.70000000   0.00000000   1.36399050 346.71492068
352.37600427   3.70000000   0.00000000   1.36435321 345.90185900
354.37600427   3.70000000   0.00000000   1.36435321 345.90185900
354.37600427   3.70000000   0.00000000   1.36471592 345.08879733
356.37600427   3.70000000   0.00000000   1.36471592 345.08879733
356.37600427   3.70000000   0.00000000   1.36507864 344.27573565
358.37600427   3.70000000   0.00000000   1.36507864 344.27573565
358.37600427   3.70000000   0.00000000   1.36544135 343.46267397
359.83563954   3.70000000   0.00000000   1.36544135 343.46267397
359.83563954   6.35900000   0.00000000   0.29682734 295.01941171
361.83563954   6.35900000   0.00000000   0.29682734 295.01941171
361.83563954   6.35900000   0.00000000   0.29595320 271.38243670
363.30657414   6.35900000   0.00000000   0.29595320 271.38243670
363.30657414   3.70000000   0.00000000   1.23028744   0.26712232
365.30657414   3.70000000   0.00000000   1.23028744   0.26712232
365.30657414   3.70000000   0.00000000   1.23031652  21.34568298
367.30657414   3.70000000   0.00000000   1.23031652  21.34568298
367.30657414   3.70000000   0.00000000   1.23034559  42.42424364
369.30657414   3.70000000   0.00000000   1.23034559  42.42424364
369.30657414   3.70000000   0.00000000   1.23037467  63.50280430
371.30657414   3.70000000   0.00000000   1.23037467  63.50280430
371.30657414   3.70000000   0.00000000   1.23040375  84.58136496
373.30657414   3.70000000   0.00000000   1.23040375  84.58136496
373.30657414   3.70000000   0.00000000   1.23043283 105.65992562
375.30657414   3.70000000   0.00000000   1.23043283 105.65992562
375.30657414   3.70000000   0.00000000   1.23046191 126.73848628
377.30657414   3.70000000   0.00000000   1.23046191 126.73848628
377.30657414   3.70000000   0.00000000   1.23049099 147.81704694
379.30657414   3.70000000   0.00000000   1.23049099 147.81704694
379.30657414   3.70000000   0.00000000   1.23052006 168.89560760
381.30657414   3.70000000   0.00000000   1.23052006 168.89560760
381.30657414   3.70000000   0.00000000   1.23054914 189.97416826
383.30657414   3.70000000   0.00000000   1.23054914 189.97416826
383.30657414   3.70000000   0.00000000   1.23057822 211.05272892
385.30657414   3.70000000   0.00000000   1.23057822 211.05272892
385.30657414   3.70000000   0.00000000   1.23060730 232.13128958
387.30657414   3.70000000   0.00000000   1.23060730 232.13128958
387.30657414   3.70000000   0.00000000   1.23063638 253.20985024
389.30657414   3.70000000   0.00000000   1.23063638 253.20985024
389.30657414   3.70000000   0.00000000   1.23066545 274.28841090
391.30657414   3.70000000   0.00000000   1.23066545 274.28841090
391.30657414   3.70000000   0.00000000   1.23069453 295.36697157
393.30657414   3.70000000   0.00000000   1.23069453 295.36697157
393.30657414   3.70000000   0.00000000   1.23072361 316.44553223
395.30657414   3.70000000   0.00000000   1.23072361 316.44553223
395.30657414   3.70000000   0.00000000   1.23075269 337.52409289
397.30657414   3.70000000   0.00000000   1.23075269 337.52409289
397.30657414   3.70000000   0.00000000   1.23078177 358.60265355
398.18937952   3.70000000   0.00000000   1.23078177 358.60265355
398.18937952   6.35900000   0.00000000   0.30161218 138.48226217
400.18937952   6.35900000   0.00000000   0.30161218 138.48226217
400.18937952   6.35900000   0.00000000   0.30232893 135.75284029
402.18937952   6.35900000   0.00000000   0.30232893 135.75284029
402.18937952   6.35900000   0.00000000   0.30304568 133.02341840
404.18937952   6.35900000   0.00000000   0.30304568 133.02341840
404.18937952   6.35900000   0.00000000   0.30376242 130.29399652
406.18937952   6.35900000   0.00000000   0.30376242 130.29399652
406.18937952   6.35900000   0.00000000   0.30447917 127.56457463
408.18937952   6.35900000   0.00000000   0.30447917 127.56457463
408.18937952   6.35900000   0.00000000   0.30519592 124.83515274
410.18937952   6.35900000   0.00000000   0.30519592 124.83515274
410.18937952   6.35900000   0.00000000   0.30591266 122.10573086
410.69294217   6.35900000   0.00000000   0.30591266 122.10573086
410.69294217   3.70000000   0.00000000   1.23043956 358.98539473
412.69294217   3.70000000   0.00000000   1.23043956 358.98539473
412.69294217   3.70000000   0.00000000   1.23041809 358.96696546
414.69294217   3.70000000   0.00000000   1.23041809 358.96696546
414.69294217   3.70000000   0.00000000   1.23039661 358.94853619
416.69294217   3.70000000   0.00000000   1.23039661 358.94853619
416.69294217   3.70000000   0.00000000   1.23037514 358.93010692
418.69294217   3.70000000   0.00000000   1.23037514 358.93010692
418.69294217   3.70000000   0.00000000   1.23035366 358.91167765
420.69294217   3.70000000   0.00000000   1.23035366 358.91167765
420.69294217   3.70000000   0.00000000   1.23033218 358.89324839
422.69294217   3.70000000   0.00000000   1.23033218 358.89324839
422.69294217   3.70000000   0.00000000   1.23031071 358.87481912
424.69294217   3.70000000   0.00000000   1.23031071 358.87481912
424.69294217   3.70000000   0.00000000   1.23028923 358.85638985
426.69294217   3.70000000   0.00000000   1.23028923 358.85638985
426.69294217   3.70000000   0.00000000   1.23026775 358.83796058
428.69294217   3.70000000   0.00000000   1.23026775 358.83796058
428.69294217   3.70000000   0.00000000   1.23024628 358.81953131
430.69294217   3.70000000   0.00000000   1.23024628 358.81953131
430.69294217   3.70000000   0.00000000   1.23022480 358.80110205
432.69294217   3.70000000   0.00000000   1.23022480 358.80110205
432.69294217   3.70000000   0.00000000   1.23020333 358.78267278
434.69294217   3.70000000   0.00000000   1.23020333 358.78267278
434.69294217   3.70000000   0.00000000   1.23018185 358.76424351
436.69294217   3.70000000   0.00000000   1.23018185 358.76424351
436.69294217   3.70000000   0.00000000   1.23016037 358.74581424
438.69294217   3.70000000   0.00000000   1.23016037 358.74581424
438.69294217   3.70000000   0.00000000   1.23013890 358.72738497
440.69294217   3.70000000   0.00000000   1.23013890 358.72738497
440.69294217   3.70000000   0.00000000   1.23011742 358.70895570
442.69294217   3.70000000   0.00000000   1.23011742 358.70895570
442.69294217   3.70000000   0.00000000   1.23009595 358.69052644
444.69294217   3.70000000   0.00000000   1.23009595 358.69052644
444.69294217   3.70000000   0.00000000   1.23007447 358.67209717
446.69294217   3.70000000   0.00000000   1.23007447 358.67209717
446.69294217   3.70000000   0.00000000   1.23005299 358.65366790
448.33453125   3.70000000   0.00000000   1.23005299 358.65366790
448.33453125   6.35900000   0.00000000   0.28682082 184.09858183
450.33453125   6.35900000   0.00000000   0.28682082 184.09858183
450.33453125   6.35900000   0.00000000   0.28731323 187.77559406
452.05835617   6.35900000   0.00000000   0.28731323 187.77559406
452.05835617   3.70000000   0.00000000   1.23011783 334.83262732
454.05835617   3.70000000   0.00000000   1.23011783 334.83262732
454.05835617   3.70000000   0.00000000   1.23012327 336.17005615
456.05835617   3.70000000   0.00000000   1.23012327 336.17005615
456.05835617   3.70000000   0.00000000   1.23012871 337.50748497
458.05835617   3.70000000   0.00000000   1.23012871 337.50748497
458.05835617   3.70000000   0.00000000   1.23013415 338.84491379
460.05835617   3.70000000   0.00000000   1.23013415 338.84491379
460.05835617   3.70000000   0.00000000   1.23013959 340.18234261
462.05835617   3.70000000   0.00000000   1.23013959 340.18234261
462.05835617   3.70000000   0.00000000   1.23014503 341.51977143
464.05835617   3.70000000   0.00000000   1.23014503 341.51977143
464.05835617   3.70000000   0.00000000   1.23015047 342.85720025
466.05835617   3.70000000   0.00000000   1.23015047 342.85720025
466.05835617   3.70000000   0.00000000   1.23015591 344.19462907
468.05835617   3.70000000   0.00000000   1.23015591 344.19462907
468.05835617   3.70000000   0.00000000   1.23016135 345.53205790
470.05835617   3.70000000   0.00000000   1.23016135 345.53205790
470.05835617   3.70000000   0.00000000   1.23016679 346.86948672
472.05835617   3.70000000   0.00000000   1.23016679 346.86948672
472.05835617   3.70000000   0.00000000   1.23017223 348.20691554
474.05835617   3.70000000   0.00000000   1.23017223 348.20691554
474.05835617   3.70000000   0.00000000   1.23017767 349.54434436
476.05835617   3.70000000   0.00000000   1.23017767 349.54434436
476.05835617   3.70000000   0.00000000   1.23018311 350.88177318
478.05835617   3.70000000   0.00000000   1.23018311 350.88177318
478.05835617   3.70000000   0.00000000   1.23018854 352.21920200
480.05835617   3.70000000   0.00000000   1.23018854 352.21920200
480.05835617   3.70000000   0.00000000   1.23019398 353.55663082
482.05835617   3.70000000   0.00000000   1.23019398 353.55663082
482.05835617   3.70000000   0.00000000   1.23019942 354.89405965
484.05835617   3.70000000   0.00000000   1.23019942 354.89405965
484.05835617   3.70000000   0.00000000   1.23020486 356.23148847
486.05835617   3.70000000   0.00000000   1.23020486 356.23148847
486.05835617   3.70000000   0.00000000   1.23021030 357.56891729
488.05835617   3.70000000   0.00000000   1.23021030 357.56891729
488.05835617   3.70000000   0.00000000   1.23021574 358.90634611
490.02908237   3.70000000   0.00000000   1.23021574 358.90634611
490.02908237   6.35900000   0.00000000   0.31309183 162.09630756
492.02908237   6.35900000   0.00000000   0.31309183 162.09630756
492.02908237   6.35900000   0.00000000   0.31319914 162.83347041
494.02908237   6.35900000   0.00000000   0.31319914 162.83347041
494.02908237   6.35900000   0.00000000   0.31330645 163.57063326
496.02908237   6.35900000   0.00000000   0.31330645 163.57063326
496.02908237   6.35900000   0.00000000   0.31341376 164.30779611
498.02908237   6.35900000   0.00000000   0.31341376 164.30779611
498.02908237   6.35900000   0.00000000   0.31352107 165.04495896
500.02908237   6.35900000   0.00000000   0.31352107 165.04495896
500.02908237   6.35900000   0.00000000   0.31362837 165.78212181
502.02908237   6.35900000   0.00000000   0.31362837 165.78212181
502.02908237   6.35900000   0.00000000   0.31373568 166.51928466
502.72793026   6.35900000   0.00000000   0.31373568 166.51928466
502.72793026   3.70000000   0.00000000   1.23019435 358.90819218
504.72793026   3.70000000   0.00000000   1.23019435 358.90819218
504.72793026   3.70000000   0.00000000   1.23018290 358.91296780
506.72793026   3.70000000   0.00000000   1.23018290 358.91296780
506.72793026   3.70000000   0.00000000   1.23017144 358.91774342
508.72793026   3.70000000   0.00000000   1.23017144 358.91774342
508.72793026   3.70000000   0.00000000   1.23015998 358.92251905
510.72793026   3.70000000   0.00000000   1.23015998 358.92251905
510.72793026   3.70000000   0.00000000   1.23014852 358.92729467
512.72793026   3.70000000   0.00000000   1.23014852 358.92729467
512.72793026   3.70000000   0.00000000   1.23013707 358.93207029
514.72793026   3.70000000   0.00000000   1.23013707 358.93207029
514.72793026   3.70000000   0.00000000   1.23012561 358.93684591
516.72793026   3.70000000   0.00000000   1.23012561 358.93684591
516.72793026   3.70000000   0.00000000   1.23011415 358.94162154
518.72793026   3.70000000   0.00000000   1.23011415 358.94162154
518.72793026   3.70000000   0.00000000   1.23010269 358.94639716
520.72793026   3.70000000   0.00000000   1.23010269 358.94639716
520.72793026   3.70000000   0.00000000   1.23009124 358.95117278
522.72793026   3.70000000   0.00000000   1.23009124 358.95117278
522.72793026   3.70000000   0.00000000   1.23007978 358.95594841
524.72793026   3.70000000   0.00000000   1.23007978 358.95594841
524.72793026   3.70000000   0.00000000   1.23006832 358.96072403
526.72793026   3.70000000   0.00000000   1.23006832 358.96072403
526.72793026   3.70000000   0.00000000   1.23005686 358.96549965
528.72793026   3.70000000   0.00000000   1.23005686 358.96549965
528.72793026   3.70000000   0.00000000   1.23004541 358.97027528
530.72793026   3.70000000   0.00000000   1.23004541 358.97027528
530.72793026   3.70000000   0.00000000   1.23003395 358.97505090
532.72793026   3.70000000   0.00000000   1.23003395 358.97505090
532.72793026   3.70000000   0.00000000   1.23002249 358.97982652
534.72793026   3.70000000   0.00000000   1.23002249 358.97982652
534.72793026   3.70000000   0.00000000   1.23001103 358.98460214
535.04273786   3.70000000   0.00000000   1.23001103 358.98460214
535.04273786   6.35900000   0.00000000   0.31439913 185.03046152
537.04273786   6.35900000   0.00000000   0.31439913 185.03046152
537.04273786   6.35900000   0.00000000   0.31289194 179.25855928
539.04273786   6.35900000   0.00000000   0.31289194 179.25855928
539.04273786   6.35900000   0.00000000   0.31138475 173.48665704
539.29044994   6.35900000   0.00000000   0.31138475 173.48665704
539.29044994   3.70000000   0.00000000   1.23013228 358.73976728
541.29044994   3.70000000   0.00000000   1.23013228 358.73976728
541.29044994   3.70000000   0.00000000   1.23012830 358.74803238
543.29044994   3.70000000   0.00000000   1.23012830 358.74803238
543.29044994   3.70000000   0.00000000   1.23012432 358.75629748
545.29044994   3.70000000   0.00000000   1.23012432 358.75629748
545.29044994   3.70000000   0.00000000   1.23012034 358.76456258
547.29044994   3.70000000   0.00000000   1.23012034 358.76456258
547.29044994   3.70000000   0.00000000   1.23011637 358.77282768
549.29044994   3.70000000   0.00000000   1.23011637 358.77282768
549.29044994   3.70000000   0.00000000   1.23011239 358.78109278
551.29044994   3.70000000   0.00000000   1.23011239 358.78109278
551.29044994   3.70000000   0.00000000   1.23010841 358.78935788
553.29044994   3.70000000   0.00000000   1.23010841 358.78935788
553.29044994   3.70000000   0.00000000   1.23010443 358.79762298
555.29044994   3.70000000   0.00000000   1.23010443 358.79762298
555.29044994   3.70000000   0.00000000   1.23010046 358.80588808
557.29044994   3.70000000   0.00000000   1.23010046 358.80588808
557.29044994   3.70000000   0.00000000   1.23009648 358.81415318
559.29044994   3.70000000   0.00000000   1.23009648 358.81415318
559.29044994   3.70000000   0.00000000   1.23009250 358.82241828
561.29044994   3.70000000   0.00000000   1.23009250 358.82241828
561.29044994   3.70000000   0.00000000   1.23008852 358.83068338
563.29044994   3.70000000   0.00000000   1.23008852 358.83068338
563.29044994   3.70000000   0.00000000   1.23008454 358.83894848
565.29044994   3.70000000   0.00000000   1.23008454 358.83894848
565.29044994   3.70000000   0.00000000   1.23008057 358.84721358
567.29044994   3.70000000   0.00000000   1.23008057 358.84721358
567.29044994   3.70000000   0.00000000   1.23007659 358.85547868
569.29044994   3.70000000   0.00000000   1.23007659 358.85547868
569.29044994   3.70000000   0.00000000   1.23007261 358.86374378
571.29044994   3.70000000   0.00000000   1.23007261 358.86374378
571.29044994   3.70000000   0.00000000   1.23006863 358.87200888
571.59672539   3.70000000   0.00000000   1.23006863 358.87200888
571.59672539   6.35900000   0.00000000   0.31442658 170.16672922
573.59672539   6.35900000   0.00000000   0.31442658 170.16672922
573.59672539   6.35900000   0.00000000   0.31437430 170.20249538
575.59672539   6.35900000   0.00000000   0.31437430 170.20249538
575.59672539   6.35900000   0.00000000   0.31432202 170.23826154
577.59672539   6.35900000   0.00000000   0.31432202 170.23826154
577.59672539   6.35900000   0.00000000   0.31426974 170.27402770
579.59672539   6.35900000   0.00000000   0.31426974 170.27402770
579.59672539   6.35900000   0.00000000   0.31421746 170.30979386
581.59672539   6.35900000   0.00000000   0.31421746 170.30979386
581.59672539   6.35900000   0.00000000   0.31416517 170.34556003
583.59672539   6.35900000   0.00000000   0.31416517 170.34556003
583.59672539   6.35900000   0.00000000   0.31411289 170.38132619
584.29538346   6.35900000   0.00000000   0.31411289 170.38132619
584.29538346   3.70000000   0.00000000   1.23000270 358.95117392
586.29538346   3.70000000   0.00000000   1.23000270 358.95117392
586.29538346   3.70000000   0.00000000   1.23000554 358.95375006
588.29538346   3.70000000   0.00000000   1.23000554 358.95375006
588.29538346   3.70000000   0.00000000   1.23000838 358.95632620
590.29538346   3.70000000   0.00000000   1.23000838 358.95632620
590.29538346   3.70000000   0.00000000   1.23001121 358.95890233
592.29538346   3.70000000   0.00000000   1.23001121 358.95890233
592.29538346   3.70000000   0.00000000   1.23001405 358.96147847
594.29538346   3.70000000   0.00000000   1.23001405 358.96147847
594.29538346   3.70000000   0.00000000   1.23001689 358.96405460
596.29538346   3.70000000   0.00000000   1.23001689 358.96405460
596.29538346   3.70000000   0.00000000   1.23001972 358.96663074
598.29538346   3.70000000   0.00000000   1.23001972 358.96663074
598.29538346   3.70000000   0.00000000   1.23002256 358.96920688
600.29538346   3.70000000   0.00000000   1.23002256 358.96920688
600.29538346   3.70000000   0.00000000   1.23002540 358.97178301
602.29538346   3.70000000   0.00000000   1.23002540 358.97178301
602.29538346   3.70000000   0.00000000   1.23002823 358.97435915
604.29538346   3.70000000   0.00000000   1.23002823 358.97435915
604.29538346   3.70000000   0.00000000   1.23003107 358.97693529
606.29538346   3.70000000   0.00000000   1.23003107 358.97693529
606.29538346   3.70000000   0.00000000   1.23003391 358.97951142
608.29538346   3.70000000   0.00000000   1.23003391 358.97951142
608.29538346   3.70000000   0.00000000   1.23003674 358.98208756
610.29538346   3.70000000   0.00000000   1.23003674 358.98208756
610.29538346   3.70000000   0.00000000   1.23003958 358.98466369
612.29538346   3.70000000   0.00000000   1.23003958 358.98466369
612.29538346   3.70000000   0.00000000   1.23004242 358.98723983
614.29538346   3.70000000   0.00000000   1.23004242 358.98723983
614.29538346   3.70000000   0.00000000   1.23004525 358.98981597
616.29538346   3.70000000   0.00000000   1.23004525 358.98981597
616.29538346   3.70000000   0.00000000   1.23004809 358.99239210
616.60173518   3.70000000   0.00000000   1.23004809 358.99239210
616.60173518   6.35900000   0.00000000   0.31157946 153.38964954
618.60173518   6.35900000   0.00000000   0.31157946 153.38964954
618.60173518   6.35900000   0.00000000   0.30763118 161.17061608
620.60173518   6.35900000   0.00000000   0.30763118 161.17061608
620.60173518   6.35900000   0.00000000   0.30368290 168.95158262
620.84894558   6.35900000   0.00000000   0.30368290 168.95158262
620.84894558   3.70000000   0.00000000   1.23012545 358.72590308
622.84894558   3.70000000   0.00000000   1.23012545 358.72590308
622.84894558   3.70000000   0.00000000   1.23015141 358.10072968
624.84894558   3.70000000   0.00000000   1.23015141 358.10072968
624.84894558   3.70000000   0.00000000   1.23017736 357.47555627
626.84894558   3.70000000   0.00000000   1.23017736 357.47555627
626.84894558   3.70000000   0.00000000   1.23020332 356.85038287
628.84894558   3.70000000   0.00000000   1.23020332 356.85038287
628.84894558   3.70000000   0.00000000   1.23022928 356.22520947
630.84894558   3.70000000   0.00000000   1.23022928 356.22520947
630.84894558   3.70000000   0.00000000   1.23025524 355.60003606
632.84894558   3.70000000   0.00000000   1.23025524 355.60003606
632.84894558   3.70000000   0.00000000   1.23028120 354.97486266
634.84894558   3.70000000   0.00000000   1.23028120 354.97486266
634.84894558   3.70000000   0.00000000   1.23030715 354.34968926
636.84894558   3.70000000   0.00000000   1.23030715 354.34968926
636.84894558   3.70000000   0.00000000   1.23033311 353.72451586
638.84894558   3.70000000   0.00000000   1.23033311 353.72451586
638.84894558   3.70000000   0.00000000   1.23035907 353.09934245
640.84894558   3.70000000   0.00000000   1.23035907 353.09934245
640.84894558   3.70000000   0.00000000   1.23038503 352.47416905
642.84894558   3.70000000   0.00000000   1.23038503 352.47416905
642.84894558   3.70000000   0.00000000   1.23041098 351.84899565
644.84894558   3.70000000   0.00000000   1.23041098 351.84899565
644.84894558   3.70000000   0.00000000   1.23043694 351.22382224
646.84894558   3.70000000   0.00000000   1.23043694 351.22382224
646.84894558   3.70000000   0.00000000   1.23046290 350.59864884
648.84894558   3.70000000   0.00000000   1.23046290 350.59864884
648.84894558   3.70000000   0.00000000   1.23048886 349.97347544
650.84894558   3.70000000   0.00000000   1.23048886 349.97347544
650.84894558   3.70000000   0.00000000   1.23051481 349.34830204
652.84894558   3.70000000   0.00000000   1.23051481 349.34830204
652.84894558   3.70000000   0.00000000   1.23054077 348.72312863
654.82765414   3.70000000   0.00000000   1.23054077 348.72312863
654.82765414   6.35900000   0.00000000   0.28622236 297.02737725
656.82765414   6.35900000   0.00000000   0.28622236 297.02737725
656.82765414   6.35900000   0.00000000   0.29092030 308.16362803
658.82765414   6.35900000   0.00000000   0.29092030 308.16362803
658.82765414   6.35900000   0.00000000   0.29561824 319.29987882
660.82765414   6.35900000   0.00000000   0.29561824 319.29987882
660.82765414   6.35900000   0.00000000   0.30031617 330.43612961
662.82765414   6.35900000   0.00000000   0.30031617 330.43612961
662.82765414   6.35900000   0.00000000   0.30501411 341.57238040
664.82765414   6.35900000   0.00000000   0.30501411 341.57238040
664.82765414   6.35900000   0.00000000   0.30971205 352.70863119
665.95573518   6.35900000   0.00000000   0.30971205 352.70863119
665.95573518   0.00000000   0.00000000   0.00000000 352.70863119
675.95573518   0.00000000   0.00000000   0.00000000 352.70863119
